0.00000000 1.00000000 0.00000000,0.04834091 0.98768834 0.14877802,0.09194987 0.98768834 0.12655814
0.09194987 0.98768834 0.12655814,0.00000000 1.00000000 0.00000000,0.00000000 1.00000000 0.00000000
0.00000000 1.00000000 0.00000000,0.09194987 0.98768834 0.12655814,0.12655814 0.98768834 0.09194987
0.12655814 0.98768834 0.09194987,0.00000000 1.00000000 0.00000000,0.00000000 1.00000000 0.00000000
0.00000000 1.00000000 0.00000000,0.12655814 0.98768834 0.09194987,0.14877802 0.98768834 0.04834091
0.14877802 0.98768834 0.04834091,0.00000000 1.00000000 0.00000000,0.00000000 1.00000000 0.00000000
0.00000000 1.00000000 0.00000000,0.14877802 0.98768834 0.04834091,0.15643447 0.98768834 0.00000000
0.15643447 0.98768834 0.00000000,0.00000000 1.00000000 -0.00000000,0.00000000 1.00000000 0.00000000
0.00000000 1.00000000 -0.00000000,0.15643447 0.98768834 0.00000000,0.14877802 0.98768834 -0.04834091
0.14877802 0.98768834 -0.04834091,0.00000000 1.00000000 -0.00000000,0.00000000 1.00000000 -0.00000000
0.00000000 1.00000000 -0.00000000,0.14877802 0.98768834 -0.04834091,0.12655814 0.98768834 -0.09194987
0.12655814 0.98768834 -0.09194987,0.00000000 1.00000000 -0.00000000,0.00000000 1.00000000 -0.00000000
0.00000000 1.00000000 -0.00000000,0.12655814 0.98768834 -0.09194987,0.09194987 0.98768834 -0.12655814
0.09194987 0.98768834 -0.12655814,0.00000000 1.00000000 -0.00000000,0.00000000 1.00000000 -0.00000000
0.00000000 1.00000000 -0.00000000,0.09194987 0.98768834 -0.12655814,0.04834091 0.98768834 -0.14877802
0.04834091 0.98768834 -0.14877802,0.00000000 1.00000000 -0.00000000,0.00000000 1.00000000 -0.00000000
0.00000000 1.00000000 -0.00000000,0.04834091 0.98768834 -0.14877802,0.00000000 0.98768834 -0.15643447
0.00000000 0.98768834 -0.15643447,-0.00000000 1.00000000 -0.00000000,0.00000000 1.00000000 -0.00000000
-0.00000000 1.00000000 -0.00000000,0.00000000 0.98768834 -0.15643447,-0.04834091 0.98768834 -0.14877802
-0.04834091 0.98768834 -0.14877802,-0.00000000 1.00000000 -0.00000000,-0.00000000 1.00000000 -0.00000000
-0.00000000 1.00000000 -0.00000000,-0.04834091 0.98768834 -0.14877802,-0.09194987 0.98768834 -0.12655814
-0.09194987 0.98768834 -0.12655814,-0.00000000 1.00000000 -0.00000000,-0.00000000 1.00000000 -0.00000000
-0.00000000 1.00000000 -0.00000000,-0.09194987 0.98768834 -0.12655814,-0.12655814 0.98768834 -0.09194987
-0.12655814 0.98768834 -0.09194987,-0.00000000 1.00000000 -0.00000000,-0.00000000 1.00000000 -0.00000000
-0.00000000 1.00000000 -0.00000000,-0.12655814 0.98768834 -0.09194987,-0.14877802 0.98768834 -0.04834091
-0.14877802 0.98768834 -0.04834091,-0.00000000 1.00000000 -0.00000000,-0.00000000 1.00000000 -0.00000000
-0.00000000 1.00000000 -0.00000000,-0.14877802 0.98768834 -0.04834091,-0.15643447 0.98768834 -0.00000000
-0.15643447 0.98768834 -0.00000000,-0.00000000 1.00000000 0.00000000,-0.00000000 1.00000000 -0.00000000
-0.00000000 1.00000000 0.00000000,-0.15643447 0.98768834 -0.00000000,-0.14877802 0.98768834 0.04834091
-0.14877802 0.98768834 0.04834091,-0.00000000 1.00000000 0.00000000,-0.00000000 1.00000000 0.00000000
-0.00000000 1.00000000 0.00000000,-0.14877802 0.98768834 0.04834091,-0.12655814 0.98768834 0.09194987
-0.12655814 0.98768834 0.09194987,-0.00000000 1.00000000 0.00000000,-0.00000000 1.00000000 0.00000000
-0.00000000 1.00000000 0.00000000,-0.12655814 0.98768834 0.09194987,-0.09194987 0.98768834 0.12655814
-0.09194987 0.98768834 0.12655814,-0.00000000 1.00000000 0.00000000,-0.00000000 1.00000000 0.00000000
-0.00000000 1.00000000 0.00000000,-0.09194987 0.98768834 0.12655814,-0.04834091 0.98768834 0.14877802
-0.04834091 0.98768834 0.14877802,-0.00000000 1.00000000 0.00000000,-0.00000000 1.00000000 0.00000000
-0.00000000 1.00000000 0.00000000,-0.04834091 0.98768834 0.14877802,-0.00000000 0.98768834 0.15643447
-0.00000000 0.98768834 0.15643447,0.00000000 1.00000000 0.00000000,-0.00000000 1.00000000 0.00000000
0.00000000 1.00000000 0.00000000,-0.00000000 0.98768834 0.15643447,0.04834091 0.98768834 0.14877802
0.04834091 0.98768834 0.14877802,0.00000000 1.00000000 0.00000000,0.00000000 1.00000000 0.00000000
0.09194987 0.98768834 0.12655814,0.09549150 0.95105652 0.29389263,0.18163563 0.95105652 0.25000000
0.18163563 0.95105652 0.25000000,0.12655814 0.98768834 0.09194987,0.09194987 0.98768834 0.12655814
0.12655814 0.98768834 0.09194987,0.18163563 0.95105652 0.25000000,0.25000000 0.95105652 0.18163563
0.25000000 0.95105652 0.18163563,0.14877802 0.98768834 0.04834091,0.12655814 0.98768834 0.09194987
0.14877802 0.98768834 0.04834091,0.25000000 0.95105652 0.18163563,0.29389263 0.95105652 0.09549150
0.29389263 0.95105652 0.09549150,0.15643447 0.98768834 0.00000000,0.14877802 0.98768834 0.04834091
0.15643447 0.98768834 0.00000000,0.29389263 0.95105652 0.09549150,0.30901699 0.95105652 0.00000000
0.30901699 0.95105652 0.00000000,0.14877802 0.98768834 -0.04834091,0.15643447 0.98768834 0.00000000
0.14877802 0.98768834 -0.04834091,0.30901699 0.95105652 0.00000000,0.29389263 0.95105652 -0.09549150
0.29389263 0.95105652 -0.09549150,0.12655814 0.98768834 -0.09194987,0.14877802 0.98768834 -0.04834091
0.12655814 0.98768834 -0.09194987,0.29389263 0.95105652 -0.09549150,0.25000000 0.95105652 -0.18163563
0.25000000 0.95105652 -0.18163563,0.09194987 0.98768834 -0.12655814,0.12655814 0.98768834 -0.09194987
0.09194987 0.98768834 -0.12655814,0.25000000 0.95105652 -0.18163563,0.18163563 0.95105652 -0.25000000
0.18163563 0.95105652 -0.25000000,0.04834091 0.98768834 -0.14877802,0.09194987 0.98768834 -0.12655814
0.04834091 0.98768834 -0.14877802,0.18163563 0.95105652 -0.25000000,0.09549150 0.95105652 -0.29389263
0.09549150 0.95105652 -0.29389263,0.00000000 0.98768834 -0.15643447,0.04834091 0.98768834 -0.14877802
0.00000000 0.98768834 -0.15643447,0.09549150 0.95105652 -0.29389263,0.00000000 0.95105652 -0.30901699
0.00000000 0.95105652 -0.30901699,-0.04834091 0.98768834 -0.14877802,0.00000000 0.98768834 -0.15643447
-0.04834091 0.98768834 -0.14877802,0.00000000 0.95105652 -0.30901699,-0.09549150 0.95105652 -0.29389263
-0.09549150 0.95105652 -0.29389263,-0.09194987 0.98768834 -0.12655814,-0.04834091 0.98768834 -0.14877802
-0.09194987 0.98768834 -0.12655814,-0.09549150 0.95105652 -0.29389263,-0.18163563 0.95105652 -0.25000000
-0.18163563 0.95105652 -0.25000000,-0.12655814 0.98768834 -0.09194987,-0.09194987 0.98768834 -0.12655814
-0.12655814 0.98768834 -0.09194987,-0.18163563 0.95105652 -0.25000000,-0.25000000 0.95105652 -0.18163563
-0.25000000 0.95105652 -0.18163563,-0.14877802 0.98768834 -0.04834091,-0.12655814 0.98768834 -0.09194987
-0.14877802 0.98768834 -0.04834091,-0.25000000 0.95105652 -0.18163563,-0.29389263 0.95105652 -0.09549150
-0.29389263 0.95105652 -0.09549150,-0.15643447 0.98768834 -0.00000000,-0.14877802 0.98768834 -0.04834091
-0.15643447 0.98768834 -0.00000000,-0.29389263 0.95105652 -0.09549150,-0.30901699 0.95105652 -0.00000000
-0.30901699 0.95105652 -0.00000000,-0.14877802 0.98768834 0.04834091,-0.15643447 0.98768834 -0.00000000
-0.14877802 0.98768834 0.04834091,-0.30901699 0.95105652 -0.00000000,-0.29389263 0.95105652 0.09549150
-0.29389263 0.95105652 0.09549150,-0.12655814 0.98768834 0.09194987,-0.14877802 0.98768834 0.04834091
-0.12655814 0.98768834 0.09194987,-0.29389263 0.95105652 0.09549150,-0.25000000 0.95105652 0.18163563
-0.25000000 0.95105652 0.18163563,-0.09194987 0.98768834 0.12655814,-0.12655814 0.98768834 0.09194987
-0.09194987 0.98768834 0.12655814,-0.25000000 0.95105652 0.18163563,-0.18163563 0.95105652 0.25000000
-0.18163563 0.95105652 0.25000000,-0.04834091 0.98768834 0.14877802,-0.09194987 0.98768834 0.12655814
-0.04834091 0.98768834 0.14877802,-0.18163563 0.95105652 0.25000000,-0.09549150 0.95105652 0.29389263
-0.09549150 0.95105652 0.29389263,-0.00000000 0.98768834 0.15643447,-0.04834091 0.98768834 0.14877802
-0.00000000 0.98768834 0.15643447,-0.09549150 0.95105652 0.29389263,-0.00000000 0.95105652 0.30901699
-0.00000000 0.95105652 0.30901699,0.04834091 0.98768834 0.14877802,-0.00000000 0.98768834 0.15643447
0.04834091 0.98768834 0.14877802,-0.00000000 0.95105652 0.30901699,0.09549150 0.95105652 0.29389263
0.09549150 0.95105652 0.29389263,0.09194987 0.98768834 0.12655814,0.04834091 0.98768834 0.14877802
0.18163563 0.95105652 0.25000000,0.14029078 0.89100652 0.43177062,0.26684892 0.89100652 0.36728603
0.26684892 0.89100652 0.36728603,0.25000000 0.95105652 0.18163563,0.18163563 0.95105652 0.25000000
0.25000000 0.95105652 0.18163563,0.26684892 0.89100652 0.36728603,0.36728603 0.89100652 0.26684892
0.36728603 0.89100652 0.26684892,0.29389263 0.95105652 0.09549150,0.25000000 0.95105652 0.18163563
0.29389263 0.95105652 0.09549150,0.36728603 0.89100652 0.26684892,0.43177062 0.89100652 0.14029078
0.43177062 0.89100652 0.14029078,0.30901699 0.95105652 0.00000000,0.29389263 0.95105652 0.09549150
0.30901699 0.95105652 0.00000000,0.43177062 0.89100652 0.14029078,0.45399050 0.89100652 0.00000000
0.45399050 0.89100652 0.00000000,0.29389263 0.95105652 -0.09549150,0.30901699 0.95105652 0.00000000
0.29389263 0.95105652 -0.09549150,0.45399050 0.89100652 0.00000000,0.43177062 0.89100652 -0.14029078
0.43177062 0.89100652 -0.14029078,0.25000000 0.95105652 -0.18163563,0.29389263 0.95105652 -0.09549150
0.25000000 0.95105652 -0.18163563,0.43177062 0.89100652 -0.14029078,0.36728603 0.89100652 -0.26684892
0.36728603 0.89100652 -0.26684892,0.18163563 0.95105652 -0.25000000,0.25000000 0.95105652 -0.18163563
0.18163563 0.95105652 -0.25000000,0.36728603 0.89100652 -0.26684892,0.26684892 0.89100652 -0.36728603
0.26684892 0.89100652 -0.36728603,0.09549150 0.95105652 -0.29389263,0.18163563 0.95105652 -0.25000000
0.09549150 0.95105652 -0.29389263,0.26684892 0.89100652 -0.36728603,0.14029078 0.89100652 -0.43177062
0.14029078 0.89100652 -0.43177062,0.00000000 0.95105652 -0.30901699,0.09549150 0.95105652 -0.29389263
0.00000000 0.95105652 -0.30901699,0.14029078 0.89100652 -0.43177062,0.00000000 0.89100652 -0.45399050
0.00000000 0.89100652 -0.45399050,-0.09549150 0.95105652 -0.29389263,0.00000000 0.95105652 -0.30901699
-0.09549150 0.95105652 -0.29389263,0.00000000 0.89100652 -0.45399050,-0.14029078 0.89100652 -0.43177062
-0.14029078 0.89100652 -0.43177062,-0.18163563 0.95105652 -0.25000000,-0.09549150 0.95105652 -0.29389263
-0.18163563 0.95105652 -0.25000000,-0.14029078 0.89100652 -0.43177062,-0.26684892 0.89100652 -0.36728603
-0.26684892 0.89100652 -0.36728603,-0.25000000 0.95105652 -0.18163563,-0.18163563 0.95105652 -0.25000000
-0.25000000 0.95105652 -0.18163563,-0.26684892 0.89100652 -0.36728603,-0.36728603 0.89100652 -0.26684892
-0.36728603 0.89100652 -0.26684892,-0.29389263 0.95105652 -0.09549150,-0.25000000 0.95105652 -0.18163563
-0.29389263 0.95105652 -0.09549150,-0.36728603 0.89100652 -0.26684892,-0.43177062 0.89100652 -0.14029078
-0.43177062 0.89100652 -0.14029078,-0.30901699 0.95105652 -0.00000000,-0.29389263 0.95105652 -0.09549150
-0.30901699 0.95105652 -0.00000000,-0.43177062 0.89100652 -0.14029078,-0.45399050 0.89100652 -0.00000000
-0.45399050 0.89100652 -0.00000000,-0.29389263 0.95105652 0.09549150,-0.30901699 0.95105652 -0.00000000
-0.29389263 0.95105652 0.09549150,-0.45399050 0.89100652 -0.00000000,-0.43177062 0.89100652 0.14029078
-0.43177062 0.89100652 0.14029078,-0.25000000 0.95105652 0.18163563,-0.29389263 0.95105652 0.09549150
-0.25000000 0.95105652 0.18163563,-0.43177062 0.89100652 0.14029078,-0.36728603 0.89100652 0.26684892
-0.36728603 0.89100652 0.26684892,-0.18163563 0.95105652 0.25000000,-0.25000000 0.95105652 0.18163563
-0.18163563 0.95105652 0.25000000,-0.36728603 0.89100652 0.26684892,-0.26684892 0.89100652 0.36728603
-0.26684892 0.89100652 0.36728603,-0.09549150 0.95105652 0.29389263,-0.18163563 0.95105652 0.25000000
-0.09549150 0.95105652 0.29389263,-0.26684892 0.89100652 0.36728603,-0.14029078 0.89100652 0.43177062
-0.14029078 0.89100652 0.43177062,-0.00000000 0.95105652 0.30901699,-0.09549150 0.95105652 0.29389263
-0.00000000 0.95105652 0.30901699,-0.14029078 0.89100652 0.43177062,-0.00000000 0.89100652 0.45399050
-0.00000000 0.89100652 0.45399050,0.09549150 0.95105652 0.29389263,-0.00000000 0.95105652 0.30901699
0.09549150 0.95105652 0.29389263,-0.00000000 0.89100652 0.45399050,0.14029078 0.89100652 0.43177062
0.14029078 0.89100652 0.43177062,0.18163563 0.95105652 0.25000000,0.09549150 0.95105652 0.29389263
0.26684892 0.89100652 0.36728603,0.18163563 0.80901699 0.55901699,0.34549150 0.80901699 0.47552826
0.34549150 0.80901699 0.47552826,0.36728603 0.89100652 0.26684892,0.26684892 0.89100652 0.36728603
0.36728603 0.89100652 0.26684892,0.34549150 0.80901699 0.47552826,0.47552826 0.80901699 0.34549150
0.47552826 0.80901699 0.34549150,0.43177062 0.89100652 0.14029078,0.36728603 0.89100652 0.26684892
0.43177062 0.89100652 0.14029078,0.47552826 0.80901699 0.34549150,0.55901699 0.80901699 0.18163563
0.55901699 0.80901699 0.18163563,0.45399050 0.89100652 0.00000000,0.43177062 0.89100652 0.14029078
0.45399050 0.89100652 0.00000000,0.55901699 0.80901699 0.18163563,0.58778525 0.80901699 0.00000000
0.58778525 0.80901699 0.00000000,0.43177062 0.89100652 -0.14029078,0.45399050 0.89100652 0.00000000
0.43177062 0.89100652 -0.14029078,0.58778525 0.80901699 0.00000000,0.55901699 0.80901699 -0.18163563
0.55901699 0.80901699 -0.18163563,0.36728603 0.89100652 -0.26684892,0.43177062 0.89100652 -0.14029078
0.36728603 0.89100652 -0.26684892,0.55901699 0.80901699 -0.18163563,0.47552826 0.80901699 -0.34549150
0.47552826 0.80901699 -0.34549150,0.26684892 0.89100652 -0.36728603,0.36728603 0.89100652 -0.26684892
0.26684892 0.89100652 -0.36728603,0.47552826 0.80901699 -0.34549150,0.34549150 0.80901699 -0.47552826
0.34549150 0.80901699 -0.47552826,0.14029078 0.89100652 -0.43177062,0.26684892 0.89100652 -0.36728603
0.14029078 0.89100652 -0.43177062,0.34549150 0.80901699 -0.47552826,0.18163563 0.80901699 -0.55901699
0.18163563 0.80901699 -0.55901699,0.00000000 0.89100652 -0.45399050,0.14029078 0.89100652 -0.43177062
0.00000000 0.89100652 -0.45399050,0.18163563 0.80901699 -0.55901699,0.00000000 0.80901699 -0.58778525
0.00000000 0.80901699 -0.58778525,-0.14029078 0.89100652 -0.43177062,0.00000000 0.89100652 -0.45399050
-0.14029078 0.89100652 -0.43177062,0.00000000 0.80901699 -0.58778525,-0.18163563 0.80901699 -0.55901699
-0.18163563 0.80901699 -0.55901699,-0.26684892 0.89100652 -0.36728603,-0.14029078 0.89100652 -0.43177062
-0.26684892 0.89100652 -0.36728603,-0.18163563 0.80901699 -0.55901699,-0.34549150 0.80901699 -0.47552826
-0.34549150 0.80901699 -0.47552826,-0.36728603 0.89100652 -0.26684892,-0.26684892 0.89100652 -0.36728603
-0.36728603 0.89100652 -0.26684892,-0.34549150 0.80901699 -0.47552826,-0.47552826 0.80901699 -0.34549150
-0.47552826 0.80901699 -0.34549150,-0.43177062 0.89100652 -0.14029078,-0.36728603 0.89100652 -0.26684892
-0.43177062 0.89100652 -0.14029078,-0.47552826 0.80901699 -0.34549150,-0.55901699 0.80901699 -0.18163563
-0.55901699 0.80901699 -0.18163563,-0.45399050 0.89100652 -0.00000000,-0.43177062 0.89100652 -0.14029078
-0.45399050 0.89100652 -0.00000000,-0.55901699 0.80901699 -0.18163563,-0.58778525 0.80901699 -0.00000000
-0.58778525 0.80901699 -0.00000000,-0.43177062 0.89100652 0.14029078,-0.45399050 0.89100652 -0.00000000
-0.43177062 0.89100652 0.14029078,-0.58778525 0.80901699 -0.00000000,-0.55901699 0.80901699 0.18163563
-0.55901699 0.80901699 0.18163563,-0.36728603 0.89100652 0.26684892,-0.43177062 0.89100652 0.14029078
-0.36728603 0.89100652 0.26684892,-0.55901699 0.80901699 0.18163563,-0.47552826 0.80901699 0.34549150
-0.47552826 0.80901699 0.34549150,-0.26684892 0.89100652 0.36728603,-0.36728603 0.89100652 0.26684892
-0.26684892 0.89100652 0.36728603,-0.47552826 0.80901699 0.34549150,-0.34549150 0.80901699 0.47552826
-0.34549150 0.80901699 0.47552826,-0.14029078 0.89100652 0.43177062,-0.26684892 0.89100652 0.36728603
-0.14029078 0.89100652 0.43177062,-0.34549150 0.80901699 0.47552826,-0.18163563 0.80901699 0.55901699
-0.18163563 0.80901699 0.55901699,-0.00000000 0.89100652 0.45399050,-0.14029078 0.89100652 0.43177062
-0.00000000 0.89100652 0.45399050,-0.18163563 0.80901699 0.55901699,-0.00000000 0.80901699 0.58778525
-0.00000000 0.80901699 0.58778525,0.14029078 0.89100652 0.43177062,-0.00000000 0.89100652 0.45399050
0.14029078 0.89100652 0.43177062,-0.00000000 0.80901699 0.58778525,0.18163563 0.80901699 0.55901699
0.18163563 0.80901699 0.55901699,0.26684892 0.89100652 0.36728603,0.14029078 0.89100652 0.43177062
0.34549150 0.80901699 0.47552826,0.21850801 0.70710678 0.67249851,0.41562694 0.70710678 0.57206140
0.41562694 0.70710678 0.57206140,0.47552826 0.80901699 0.34549150,0.34549150 0.80901699 0.47552826
0.47552826 0.80901699 0.34549150,0.41562694 0.70710678 0.57206140,0.57206140 0.70710678 0.41562694
0.57206140 0.70710678 0.41562694,0.55901699 0.80901699 0.18163563,0.47552826 0.80901699 0.34549150
0.55901699 0.80901699 0.18163563,0.57206140 0.70710678 0.41562694,0.67249851 0.70710678 0.21850801
0.67249851 0.70710678 0.21850801,0.58778525 0.80901699 0.00000000,0.55901699 0.80901699 0.18163563
0.58778525 0.80901699 0.00000000,0.67249851 0.70710678 0.21850801,0.70710678 0.70710678 0.00000000
0.70710678 0.70710678 0.00000000,0.55901699 0.80901699 -0.18163563,0.58778525 0.80901699 0.00000000
0.55901699 0.80901699 -0.18163563,0.70710678 0.70710678 0.00000000,0.67249851 0.70710678 -0.21850801
0.67249851 0.70710678 -0.21850801,0.47552826 0.80901699 -0.34549150,0.55901699 0.80901699 -0.18163563
0.47552826 0.80901699 -0.34549150,0.67249851 0.70710678 -0.21850801,0.57206140 0.70710678 -0.41562694
0.57206140 0.70710678 -0.41562694,0.34549150 0.80901699 -0.47552826,0.47552826 0.80901699 -0.34549150
0.34549150 0.80901699 -0.47552826,0.57206140 0.70710678 -0.41562694,0.41562694 0.70710678 -0.57206140
0.41562694 0.70710678 -0.57206140,0.18163563 0.80901699 -0.55901699,0.34549150 0.80901699 -0.47552826
0.18163563 0.80901699 -0.55901699,0.41562694 0.70710678 -0.57206140,0.21850801 0.70710678 -0.67249851
0.21850801 0.70710678 -0.67249851,0.00000000 0.80901699 -0.58778525,0.18163563 0.80901699 -0.55901699
0.00000000 0.80901699 -0.58778525,0.21850801 0.70710678 -0.67249851,0.00000000 0.70710678 -0.70710678
0.00000000 0.70710678 -0.70710678,-0.18163563 0.80901699 -0.55901699,0.00000000 0.80901699 -0.58778525
-0.18163563 0.80901699 -0.55901699,0.00000000 0.70710678 -0.70710678,-0.21850801 0.70710678 -0.67249851
-0.21850801 0.70710678 -0.67249851,-0.34549150 0.80901699 -0.47552826,-0.18163563 0.80901699 -0.55901699
-0.34549150 0.80901699 -0.47552826,-0.21850801 0.70710678 -0.67249851,-0.41562694 0.70710678 -0.57206140
-0.41562694 0.70710678 -0.57206140,-0.47552826 0.80901699 -0.34549150,-0.34549150 0.80901699 -0.47552826
-0.47552826 0.80901699 -0.34549150,-0.41562694 0.70710678 -0.57206140,-0.57206140 0.70710678 -0.41562694
-0.57206140 0.70710678 -0.41562694,-0.55901699 0.80901699 -0.18163563,-0.47552826 0.80901699 -0.34549150
-0.55901699 0.80901699 -0.18163563,-0.57206140 0.70710678 -0.41562694,-0.67249851 0.70710678 -0.21850801
-0.67249851 0.70710678 -0.21850801,-0.58778525 0.80901699 -0.00000000,-0.55901699 0.80901699 -0.18163563
-0.58778525 0.80901699 -0.00000000,-0.67249851 0.70710678 -0.21850801,-0.70710678 0.70710678 -0.00000000
-0.70710678 0.70710678 -0.00000000,-0.55901699 0.80901699 0.18163563,-0.58778525 0.80901699 -0.00000000
-0.55901699 0.80901699 0.18163563,-0.70710678 0.70710678 -0.00000000,-0.67249851 0.70710678 0.21850801
-0.67249851 0.70710678 0.21850801,-0.47552826 0.80901699 0.34549150,-0.55901699 0.80901699 0.18163563
-0.47552826 0.80901699 0.34549150,-0.67249851 0.70710678 0.21850801,-0.57206140 0.70710678 0.41562694
-0.57206140 0.70710678 0.41562694,-0.34549150 0.80901699 0.47552826,-0.47552826 0.80901699 0.34549150
-0.34549150 0.80901699 0.47552826,-0.57206140 0.70710678 0.41562694,-0.41562694 0.70710678 0.57206140
-0.41562694 0.70710678 0.57206140,-0.18163563 0.80901699 0.55901699,-0.34549150 0.80901699 0.47552826
-0.18163563 0.80901699 0.55901699,-0.41562694 0.70710678 0.57206140,-0.21850801 0.70710678 0.67249851
-0.21850801 0.70710678 0.67249851,-0.00000000 0.80901699 0.58778525,-0.18163563 0.80901699 0.55901699
-0.00000000 0.80901699 0.58778525,-0.21850801 0.70710678 0.67249851,-0.00000000 0.70710678 0.70710678
-0.00000000 0.70710678 0.70710678,0.18163563 0.80901699 0.55901699,-0.00000000 0.80901699 0.58778525
0.18163563 0.80901699 0.55901699,-0.00000000 0.70710678 0.70710678,0.21850801 0.70710678 0.67249851
0.21850801 0.70710678 0.67249851,0.34549150 0.80901699 0.47552826,0.18163563 0.80901699 0.55901699
0.41562694 0.70710678 0.57206140,0.25000000 0.58778525 0.76942088,0.47552826 0.58778525 0.65450850
0.47552826 0.58778525 0.65450850,0.57206140 0.70710678 0.41562694,0.41562694 0.70710678 0.57206140
0.57206140 0.70710678 0.41562694,0.47552826 0.58778525 0.65450850,0.65450850 0.58778525 0.47552826
0.65450850 0.58778525 0.47552826,0.67249851 0.70710678 0.21850801,0.57206140 0.70710678 0.41562694
0.67249851 0.70710678 0.21850801,0.65450850 0.58778525 0.47552826,0.76942088 0.58778525 0.25000000
0.76942088 0.58778525 0.25000000,0.70710678 0.70710678 0.00000000,0.67249851 0.70710678 0.21850801
0.70710678 0.70710678 0.00000000,0.76942088 0.58778525 0.25000000,0.80901699 0.58778525 0.00000000
0.80901699 0.58778525 0.00000000,0.67249851 0.70710678 -0.21850801,0.70710678 0.70710678 0.00000000
0.67249851 0.70710678 -0.21850801,0.80901699 0.58778525 0.00000000,0.76942088 0.58778525 -0.25000000
0.76942088 0.58778525 -0.25000000,0.57206140 0.70710678 -0.41562694,0.67249851 0.70710678 -0.21850801
0.57206140 0.70710678 -0.41562694,0.76942088 0.58778525 -0.25000000,0.65450850 0.58778525 -0.47552826
0.65450850 0.58778525 -0.47552826,0.41562694 0.70710678 -0.57206140,0.57206140 0.70710678 -0.41562694
0.41562694 0.70710678 -0.57206140,0.65450850 0.58778525 -0.47552826,0.47552826 0.58778525 -0.65450850
0.47552826 0.58778525 -0.65450850,0.21850801 0.70710678 -0.67249851,0.41562694 0.70710678 -0.57206140
0.21850801 0.70710678 -0.67249851,0.47552826 0.58778525 -0.65450850,0.25000000 0.58778525 -0.76942088
0.25000000 0.58778525 -0.76942088,0.00000000 0.70710678 -0.70710678,0.21850801 0.70710678 -0.67249851
0.00000000 0.70710678 -0.70710678,0.25000000 0.58778525 -0.76942088,0.00000000 0.58778525 -0.80901699
0.00000000 0.58778525 -0.80901699,-0.21850801 0.70710678 -0.67249851,0.00000000 0.70710678 -0.70710678
-0.21850801 0.70710678 -0.67249851,0.00000000 0.58778525 -0.80901699,-0.25000000 0.58778525 -0.76942088
-0.25000000 0.58778525 -0.76942088,-0.41562694 0.70710678 -0.57206140,-0.21850801 0.70710678 -0.67249851
-0.41562694 0.70710678 -0.57206140,-0.25000000 0.58778525 -0.76942088,-0.47552826 0.58778525 -0.65450850
-0.47552826 0.58778525 -0.65450850,-0.57206140 0.70710678 -0.41562694,-0.41562694 0.70710678 -0.57206140
-0.57206140 0.70710678 -0.41562694,-0.47552826 0.58778525 -0.65450850,-0.65450850 0.58778525 -0.47552826
-0.65450850 0.58778525 -0.47552826,-0.67249851 0.70710678 -0.21850801,-0.57206140 0.70710678 -0.41562694
-0.67249851 0.70710678 -0.21850801,-0.65450850 0.58778525 -0.47552826,-0.76942088 0.58778525 -0.25000000
-0.76942088 0.58778525 -0.25000000,-0.70710678 0.70710678 -0.00000000,-0.67249851 0.70710678 -0.21850801
-0.70710678 0.70710678 -0.00000000,-0.76942088 0.58778525 -0.25000000,-0.80901699 0.58778525 -0.00000000
-0.80901699 0.58778525 -0.00000000,-0.67249851 0.70710678 0.21850801,-0.70710678 0.70710678 -0.00000000
-0.67249851 0.70710678 0.21850801,-0.80901699 0.58778525 -0.00000000,-0.76942088 0.58778525 0.25000000
-0.76942088 0.58778525 0.25000000,-0.57206140 0.70710678 0.41562694,-0.67249851 0.70710678 0.21850801
-0.57206140 0.70710678 0.41562694,-0.76942088 0.58778525 0.25000000,-0.65450850 0.58778525 0.47552826
-0.65450850 0.58778525 0.47552826,-0.41562694 0.70710678 0.57206140,-0.57206140 0.70710678 0.41562694
-0.41562694 0.70710678 0.57206140,-0.65450850 0.58778525 0.47552826,-0.47552826 0.58778525 0.65450850
-0.47552826 0.58778525 0.65450850,-0.21850801 0.70710678 0.67249851,-0.41562694 0.70710678 0.57206140
-0.21850801 0.70710678 0.67249851,-0.47552826 0.58778525 0.65450850,-0.25000000 0.58778525 0.76942088
-0.25000000 0.58778525 0.76942088,-0.00000000 0.70710678 0.70710678,-0.21850801 0.70710678 0.67249851
-0.00000000 0.70710678 0.70710678,-0.25000000 0.58778525 0.76942088,-0.00000000 0.58778525 0.80901699
-0.00000000 0.58778525 0.80901699,0.21850801 0.70710678 0.67249851,-0.00000000 0.70710678 0.70710678
0.21850801 0.70710678 0.67249851,-0.00000000 0.58778525 0.80901699,0.25000000 0.58778525 0.76942088
0.25000000 0.58778525 0.76942088,0.41562694 0.70710678 0.57206140,0.21850801 0.70710678 0.67249851
0.47552826 0.58778525 0.65450850,0.27533616 0.45399050 0.84739756,0.52372049 0.45399050 0.72083942
0.52372049 0.45399050 0.72083942,0.65450850 0.58778525 0.47552826,0.47552826 0.58778525 0.65450850
0.65450850 0.58778525 0.47552826,0.52372049 0.45399050 0.72083942,0.72083942 0.45399050 0.52372049
0.72083942 0.45399050 0.52372049,0.76942088 0.58778525 0.25000000,0.65450850 0.58778525 0.47552826
0.76942088 0.58778525 0.25000000,0.72083942 0.45399050 0.52372049,0.84739756 0.45399050 0.27533616
0.84739756 0.45399050 0.27533616,0.80901699 0.58778525 0.00000000,0.76942088 0.58778525 0.25000000
0.80901699 0.58778525 0.00000000,0.84739756 0.45399050 0.27533616,0.89100652 0.45399050 0.00000000
0.89100652 0.45399050 0.00000000,0.76942088 0.58778525 -0.25000000,0.80901699 0.58778525 0.00000000
0.76942088 0.58778525 -0.25000000,0.89100652 0.45399050 0.00000000,0.84739756 0.45399050 -0.27533616
0.84739756 0.45399050 -0.27533616,0.65450850 0.58778525 -0.47552826,0.76942088 0.58778525 -0.25000000
0.65450850 0.58778525 -0.47552826,0.84739756 0.45399050 -0.27533616,0.72083942 0.45399050 -0.52372049
0.72083942 0.45399050 -0.52372049,0.47552826 0.58778525 -0.65450850,0.65450850 0.58778525 -0.47552826
0.47552826 0.58778525 -0.65450850,0.72083942 0.45399050 -0.52372049,0.52372049 0.45399050 -0.72083942
0.52372049 0.45399050 -0.72083942,0.25000000 0.58778525 -0.76942088,0.47552826 0.58778525 -0.65450850
0.25000000 0.58778525 -0.76942088,0.52372049 0.45399050 -0.72083942,0.27533616 0.45399050 -0.84739756
0.27533616 0.45399050 -0.84739756,0.00000000 0.58778525 -0.80901699,0.25000000 0.58778525 -0.76942088
0.00000000 0.58778525 -0.80901699,0.27533616 0.45399050 -0.84739756,0.00000000 0.45399050 -0.89100652
0.00000000 0.45399050 -0.89100652,-0.25000000 0.58778525 -0.76942088,0.00000000 0.58778525 -0.80901699
-0.25000000 0.58778525 -0.76942088,0.00000000 0.45399050 -0.89100652,-0.27533616 0.45399050 -0.84739756
-0.27533616 0.45399050 -0.84739756,-0.47552826 0.58778525 -0.65450850,-0.25000000 0.58778525 -0.76942088
-0.47552826 0.58778525 -0.65450850,-0.27533616 0.45399050 -0.84739756,-0.52372049 0.45399050 -0.72083942
-0.52372049 0.45399050 -0.72083942,-0.65450850 0.58778525 -0.47552826,-0.47552826 0.58778525 -0.65450850
-0.65450850 0.58778525 -0.47552826,-0.52372049 0.45399050 -0.72083942,-0.72083942 0.45399050 -0.52372049
-0.72083942 0.45399050 -0.52372049,-0.76942088 0.58778525 -0.25000000,-0.65450850 0.58778525 -0.47552826
-0.76942088 0.58778525 -0.25000000,-0.72083942 0.45399050 -0.52372049,-0.84739756 0.45399050 -0.27533616
-0.84739756 0.45399050 -0.27533616,-0.80901699 0.58778525 -0.00000000,-0.76942088 0.58778525 -0.25000000
-0.80901699 0.58778525 -0.00000000,-0.84739756 0.45399050 -0.27533616,-0.89100652 0.45399050 -0.00000000
-0.89100652 0.45399050 -0.00000000,-0.76942088 0.58778525 0.25000000,-0.80901699 0.58778525 -0.00000000
-0.76942088 0.58778525 0.25000000,-0.89100652 0.45399050 -0.00000000,-0.84739756 0.45399050 0.27533616
-0.84739756 0.45399050 0.27533616,-0.65450850 0.58778525 0.47552826,-0.76942088 0.58778525 0.25000000
-0.65450850 0.58778525 0.47552826,-0.84739756 0.45399050 0.27533616,-0.72083942 0.45399050 0.52372049
-0.72083942 0.45399050 0.52372049,-0.47552826 0.58778525 0.65450850,-0.65450850 0.58778525 0.47552826
-0.47552826 0.58778525 0.65450850,-0.72083942 0.45399050 0.52372049,-0.52372049 0.45399050 0.72083942
-0.52372049 0.45399050 0.72083942,-0.25000000 0.58778525 0.76942088,-0.47552826 0.58778525 0.65450850
-0.25000000 0.58778525 0.76942088,-0.52372049 0.45399050 0.72083942,-0.27533616 0.45399050 0.84739756
-0.27533616 0.45399050 0.84739756,-0.00000000 0.58778525 0.80901699,-0.25000000 0.58778525 0.76942088
-0.00000000 0.58778525 0.80901699,-0.27533616 0.45399050 0.84739756,-0.00000000 0.45399050 0.89100652
-0.00000000 0.45399050 0.89100652,0.25000000 0.58778525 0.76942088,-0.00000000 0.58778525 0.80901699
0.25000000 0.58778525 0.76942088,-0.00000000 0.45399050 0.89100652,0.27533616 0.45399050 0.84739756
0.27533616 0.45399050 0.84739756,0.47552826 0.58778525 0.65450850,0.25000000 0.58778525 0.76942088
0.52372049 0.45399050 0.72083942,0.29389263 0.30901699 0.90450850,0.55901699 0.30901699 0.76942088
0.55901699 0.30901699 0.76942088,0.72083942 0.45399050 0.52372049,0.52372049 0.45399050 0.72083942
0.72083942 0.45399050 0.52372049,0.55901699 0.30901699 0.76942088,0.76942088 0.30901699 0.55901699
0.76942088 0.30901699 0.55901699,0.84739756 0.45399050 0.27533616,0.72083942 0.45399050 0.52372049
0.84739756 0.45399050 0.27533616,0.76942088 0.30901699 0.55901699,0.90450850 0.30901699 0.29389263
0.90450850 0.30901699 0.29389263,0.89100652 0.45399050 0.00000000,0.84739756 0.45399050 0.27533616
0.89100652 0.45399050 0.00000000,0.90450850 0.30901699 0.29389263,0.95105652 0.30901699 0.00000000
0.95105652 0.30901699 0.00000000,0.84739756 0.45399050 -0.27533616,0.89100652 0.45399050 0.00000000
0.84739756 0.45399050 -0.27533616,0.95105652 0.30901699 0.00000000,0.90450850 0.30901699 -0.29389263
0.90450850 0.30901699 -0.29389263,0.72083942 0.45399050 -0.52372049,0.84739756 0.45399050 -0.27533616
0.72083942 0.45399050 -0.52372049,0.90450850 0.30901699 -0.29389263,0.76942088 0.30901699 -0.55901699
0.76942088 0.30901699 -0.55901699,0.52372049 0.45399050 -0.72083942,0.72083942 0.45399050 -0.52372049
0.52372049 0.45399050 -0.72083942,0.76942088 0.30901699 -0.55901699,0.55901699 0.30901699 -0.76942088
0.55901699 0.30901699 -0.76942088,0.27533616 0.45399050 -0.84739756,0.52372049 0.45399050 -0.72083942
0.27533616 0.45399050 -0.84739756,0.55901699 0.30901699 -0.76942088,0.29389263 0.30901699 -0.90450850
0.29389263 0.30901699 -0.90450850,0.00000000 0.45399050 -0.89100652,0.27533616 0.45399050 -0.84739756
0.00000000 0.45399050 -0.89100652,0.29389263 0.30901699 -0.90450850,0.00000000 0.30901699 -0.95105652
0.00000000 0.30901699 -0.95105652,-0.27533616 0.45399050 -0.84739756,0.00000000 0.45399050 -0.89100652
-0.27533616 0.45399050 -0.84739756,0.00000000 0.30901699 -0.95105652,-0.29389263 0.30901699 -0.90450850
-0.29389263 0.30901699 -0.90450850,-0.52372049 0.45399050 -0.72083942,-0.27533616 0.45399050 -0.84739756
-0.52372049 0.45399050 -0.72083942,-0.29389263 0.30901699 -0.90450850,-0.55901699 0.30901699 -0.76942088
-0.55901699 0.30901699 -0.76942088,-0.72083942 0.45399050 -0.52372049,-0.52372049 0.45399050 -0.72083942
-0.72083942 0.45399050 -0.52372049,-0.55901699 0.30901699 -0.76942088,-0.76942088 0.30901699 -0.55901699
-0.76942088 0.30901699 -0.55901699,-0.84739756 0.45399050 -0.27533616,-0.72083942 0.45399050 -0.52372049
-0.84739756 0.45399050 -0.27533616,-0.76942088 0.30901699 -0.55901699,-0.90450850 0.30901699 -0.29389263
-0.90450850 0.30901699 -0.29389263,-0.89100652 0.45399050 -0.00000000,-0.84739756 0.45399050 -0.27533616
-0.89100652 0.45399050 -0.00000000,-0.90450850 0.30901699 -0.29389263,-0.95105652 0.30901699 -0.00000000
-0.95105652 0.30901699 -0.00000000,-0.84739756 0.45399050 0.27533616,-0.89100652 0.45399050 -0.00000000
-0.84739756 0.45399050 0.27533616,-0.95105652 0.30901699 -0.00000000,-0.90450850 0.30901699 0.29389263
-0.90450850 0.30901699 0.29389263,-0.72083942 0.45399050 0.52372049,-0.84739756 0.45399050 0.27533616
-0.72083942 0.45399050 0.52372049,-0.90450850 0.30901699 0.29389263,-0.76942088 0.30901699 0.55901699
-0.76942088 0.30901699 0.55901699,-0.52372049 0.45399050 0.72083942,-0.72083942 0.45399050 0.52372049
-0.52372049 0.45399050 0.72083942,-0.76942088 0.30901699 0.55901699,-0.55901699 0.30901699 0.76942088
-0.55901699 0.30901699 0.76942088,-0.27533616 0.45399050 0.84739756,-0.52372049 0.45399050 0.72083942
-0.27533616 0.45399050 0.84739756,-0.55901699 0.30901699 0.76942088,-0.29389263 0.30901699 0.90450850
-0.29389263 0.30901699 0.90450850,-0.00000000 0.45399050 0.89100652,-0.27533616 0.45399050 0.84739756
-0.00000000 0.45399050 0.89100652,-0.29389263 0.30901699 0.90450850,-0.00000000 0.30901699 0.95105652
-0.00000000 0.30901699 0.95105652,0.27533616 0.45399050 0.84739756,-0.00000000 0.45399050 0.89100652
0.27533616 0.45399050 0.84739756,-0.00000000 0.30901699 0.95105652,0.29389263 0.30901699 0.90450850
0.29389263 0.30901699 0.90450850,0.52372049 0.45399050 0.72083942,0.27533616 0.45399050 0.84739756
0.55901699 0.30901699 0.76942088,0.30521248 0.15643447 0.93934743,0.58054864 0.15643447 0.79905665
0.58054864 0.15643447 0.79905665,0.76942088 0.30901699 0.55901699,0.55901699 0.30901699 0.76942088
0.76942088 0.30901699 0.55901699,0.58054864 0.15643447 0.79905665,0.79905665 0.15643447 0.58054864
0.79905665 0.15643447 0.58054864,0.90450850 0.30901699 0.29389263,0.76942088 0.30901699 0.55901699
0.90450850 0.30901699 0.29389263,0.79905665 0.15643447 0.58054864,0.93934743 0.15643447 0.30521248
0.93934743 0.15643447 0.30521248,0.95105652 0.30901699 0.00000000,0.90450850 0.30901699 0.29389263
0.95105652 0.30901699 0.00000000,0.93934743 0.15643447 0.30521248,0.98768834 0.15643447 0.00000000
0.98768834 0.15643447 0.00000000,0.90450850 0.30901699 -0.29389263,0.95105652 0.30901699 0.00000000
0.90450850 0.30901699 -0.29389263,0.98768834 0.15643447 0.00000000,0.93934743 0.15643447 -0.30521248
0.93934743 0.15643447 -0.30521248,0.76942088 0.30901699 -0.55901699,0.90450850 0.30901699 -0.29389263
0.76942088 0.30901699 -0.55901699,0.93934743 0.15643447 -0.30521248,0.79905665 0.15643447 -0.58054864
0.79905665 0.15643447 -0.58054864,0.55901699 0.30901699 -0.76942088,0.76942088 0.30901699 -0.55901699
0.55901699 0.30901699 -0.76942088,0.79905665 0.15643447 -0.58054864,0.58054864 0.15643447 -0.79905665
0.58054864 0.15643447 -0.79905665,0.29389263 0.30901699 -0.90450850,0.55901699 0.30901699 -0.76942088
0.29389263 0.30901699 -0.90450850,0.58054864 0.15643447 -0.79905665,0.30521248 0.15643447 -0.93934743
0.30521248 0.15643447 -0.93934743,0.00000000 0.30901699 -0.95105652,0.29389263 0.30901699 -0.90450850
0.00000000 0.30901699 -0.95105652,0.30521248 0.15643447 -0.93934743,0.00000000 0.15643447 -0.98768834
0.00000000 0.15643447 -0.98768834,-0.29389263 0.30901699 -0.90450850,0.00000000 0.30901699 -0.95105652
-0.29389263 0.30901699 -0.90450850,0.00000000 0.15643447 -0.98768834,-0.30521248 0.15643447 -0.93934743
-0.30521248 0.15643447 -0.93934743,-0.55901699 0.30901699 -0.76942088,-0.29389263 0.30901699 -0.90450850
-0.55901699 0.30901699 -0.76942088,-0.30521248 0.15643447 -0.93934743,-0.58054864 0.15643447 -0.79905665
-0.58054864 0.15643447 -0.79905665,-0.76942088 0.30901699 -0.55901699,-0.55901699 0.30901699 -0.76942088
-0.76942088 0.30901699 -0.55901699,-0.58054864 0.15643447 -0.79905665,-0.79905665 0.15643447 -0.58054864
-0.79905665 0.15643447 -0.58054864,-0.90450850 0.30901699 -0.29389263,-0.76942088 0.30901699 -0.55901699
-0.90450850 0.30901699 -0.29389263,-0.79905665 0.15643447 -0.58054864,-0.93934743 0.15643447 -0.30521248
-0.93934743 0.15643447 -0.30521248,-0.95105652 0.30901699 -0.00000000,-0.90450850 0.30901699 -0.29389263
-0.95105652 0.30901699 -0.00000000,-0.93934743 0.15643447 -0.30521248,-0.98768834 0.15643447 -0.00000000
-0.98768834 0.15643447 -0.00000000,-0.90450850 0.30901699 0.29389263,-0.95105652 0.30901699 -0.00000000
-0.90450850 0.30901699 0.29389263,-0.98768834 0.15643447 -0.00000000,-0.93934743 0.15643447 0.30521248
-0.93934743 0.15643447 0.30521248,-0.76942088 0.30901699 0.55901699,-0.90450850 0.30901699 0.29389263
-0.76942088 0.30901699 0.55901699,-0.93934743 0.15643447 0.30521248,-0.79905665 0.15643447 0.58054864
-0.79905665 0.15643447 0.58054864,-0.55901699 0.30901699 0.76942088,-0.76942088 0.30901699 0.55901699
-0.55901699 0.30901699 0.76942088,-0.79905665 0.15643447 0.58054864,-0.58054864 0.15643447 0.79905665
-0.58054864 0.15643447 0.79905665,-0.29389263 0.30901699 0.90450850,-0.55901699 0.30901699 0.76942088
-0.29389263 0.30901699 0.90450850,-0.58054864 0.15643447 0.79905665,-0.30521248 0.15643447 0.93934743
-0.30521248 0.15643447 0.93934743,-0.00000000 0.30901699 0.95105652,-0.29389263 0.30901699 0.90450850
-0.00000000 0.30901699 0.95105652,-0.30521248 0.15643447 0.93934743,-0.00000000 0.15643447 0.98768834
-0.00000000 0.15643447 0.98768834,0.29389263 0.30901699 0.90450850,-0.00000000 0.30901699 0.95105652
0.29389263 0.30901699 0.90450850,-0.00000000 0.15643447 0.98768834,0.30521248 0.15643447 0.93934743
0.30521248 0.15643447 0.93934743,0.55901699 0.30901699 0.76942088,0.29389263 0.30901699 0.90450850
0.58054864 0.15643447 0.79905665,0.30901699 0.00000000 0.95105652,0.58778525 0.00000000 0.80901699
0.58778525 0.00000000 0.80901699,0.79905665 0.15643447 0.58054864,0.58054864 0.15643447 0.79905665
0.79905665 0.15643447 0.58054864,0.58778525 0.00000000 0.80901699,0.80901699 0.00000000 0.58778525
0.80901699 0.00000000 0.58778525,0.93934743 0.15643447 0.30521248,0.79905665 0.15643447 0.58054864
0.93934743 0.15643447 0.30521248,0.80901699 0.00000000 0.58778525,0.95105652 0.00000000 0.30901699
0.95105652 0.00000000 0.30901699,0.98768834 0.15643447 0.00000000,0.93934743 0.15643447 0.30521248
0.98768834 0.15643447 0.00000000,0.95105652 0.00000000 0.30901699,1.00000000 0.00000000 0.00000000
1.00000000 0.00000000 0.00000000,0.93934743 0.15643447 -0.30521248,0.98768834 0.15643447 0.00000000
0.93934743 0.15643447 -0.30521248,1.00000000 0.00000000 0.00000000,0.95105652 0.00000000 -0.30901699
0.95105652 0.00000000 -0.30901699,0.79905665 0.15643447 -0.58054864,0.93934743 0.15643447 -0.30521248
0.79905665 0.15643447 -0.58054864,0.95105652 0.00000000 -0.30901699,0.80901699 0.00000000 -0.58778525
0.80901699 0.00000000 -0.58778525,0.58054864 0.15643447 -0.79905665,0.79905665 0.15643447 -0.58054864
0.58054864 0.15643447 -0.79905665,0.80901699 0.00000000 -0.58778525,0.58778525 0.00000000 -0.80901699
0.58778525 0.00000000 -0.80901699,0.30521248 0.15643447 -0.93934743,0.58054864 0.15643447 -0.79905665
0.30521248 0.15643447 -0.93934743,0.58778525 0.00000000 -0.80901699,0.30901699 0.00000000 -0.95105652
0.30901699 0.00000000 -0.95105652,0.00000000 0.15643447 -0.98768834,0.30521248 0.15643447 -0.93934743
0.00000000 0.15643447 -0.98768834,0.30901699 0.00000000 -0.95105652,0.00000000 0.00000000 -1.00000000
0.00000000 0.00000000 -1.00000000,-0.30521248 0.15643447 -0.93934743,0.00000000 0.15643447 -0.98768834
-0.30521248 0.15643447 -0.93934743,0.00000000 0.00000000 -1.00000000,-0.30901699 0.00000000 -0.95105652
-0.30901699 0.00000000 -0.95105652,-0.58054864 0.15643447 -0.79905665,-0.30521248 0.15643447 -0.93934743
-0.58054864 0.15643447 -0.79905665,-0.30901699 0.00000000 -0.95105652,-0.58778525 0.00000000 -0.80901699
-0.58778525 0.00000000 -0.80901699,-0.79905665 0.15643447 -0.58054864,-0.58054864 0.15643447 -0.79905665
-0.79905665 0.15643447 -0.58054864,-0.58778525 0.00000000 -0.80901699,-0.80901699 0.00000000 -0.58778525
-0.80901699 0.00000000 -0.58778525,-0.93934743 0.15643447 -0.30521248,-0.79905665 0.15643447 -0.58054864
-0.93934743 0.15643447 -0.30521248,-0.80901699 0.00000000 -0.58778525,-0.95105652 0.00000000 -0.30901699
-0.95105652 0.00000000 -0.30901699,-0.98768834 0.15643447 -0.00000000,-0.93934743 0.15643447 -0.30521248
-0.98768834 0.15643447 -0.00000000,-0.95105652 0.00000000 -0.30901699,-1.00000000 0.00000000 -0.00000000
-1.00000000 0.00000000 -0.00000000,-0.93934743 0.15643447 0.30521248,-0.98768834 0.15643447 -0.00000000
-0.93934743 0.15643447 0.30521248,-1.00000000 0.00000000 -0.00000000,-0.95105652 0.00000000 0.30901699
-0.95105652 0.00000000 0.30901699,-0.79905665 0.15643447 0.58054864,-0.93934743 0.15643447 0.30521248
-0.79905665 0.15643447 0.58054864,-0.95105652 0.00000000 0.30901699,-0.80901699 0.00000000 0.58778525
-0.80901699 0.00000000 0.58778525,-0.58054864 0.15643447 0.79905665,-0.79905665 0.15643447 0.58054864
-0.58054864 0.15643447 0.79905665,-0.80901699 0.00000000 0.58778525,-0.58778525 0.00000000 0.80901699
-0.58778525 0.00000000 0.80901699,-0.30521248 0.15643447 0.93934743,-0.58054864 0.15643447 0.79905665
-0.30521248 0.15643447 0.93934743,-0.58778525 0.00000000 0.80901699,-0.30901699 0.00000000 0.95105652
-0.30901699 0.00000000 0.95105652,-0.00000000 0.15643447 0.98768834,-0.30521248 0.15643447 0.93934743
-0.00000000 0.15643447 0.98768834,-0.30901699 0.00000000 0.95105652,-0.00000000 0.00000000 1.00000000
-0.00000000 0.00000000 1.00000000,0.30521248 0.15643447 0.93934743,-0.00000000 0.15643447 0.98768834
0.30521248 0.15643447 0.93934743,-0.00000000 0.00000000 1.00000000,0.30901699 0.00000000 0.95105652
0.30901699 0.00000000 0.95105652,0.58054864 0.15643447 0.79905665,0.30521248 0.15643447 0.93934743
0.58778525 0.00000000 0.80901699,0.30521248 -0.15643447 0.93934743,0.58054864 -0.15643447 0.79905665
0.58054864 -0.15643447 0.79905665,0.80901699 0.00000000 0.58778525,0.58778525 0.00000000 0.80901699
0.80901699 0.00000000 0.58778525,0.58054864 -0.15643447 0.79905665,0.79905665 -0.15643447 0.58054864
0.79905665 -0.15643447 0.58054864,0.95105652 0.00000000 0.30901699,0.80901699 0.00000000 0.58778525
0.95105652 0.00000000 0.30901699,0.79905665 -0.15643447 0.58054864,0.93934743 -0.15643447 0.30521248
0.93934743 -0.15643447 0.30521248,1.00000000 0.00000000 0.00000000,0.95105652 0.00000000 0.30901699
1.00000000 0.00000000 0.00000000,0.93934743 -0.15643447 0.30521248,0.98768834 -0.15643447 0.00000000
0.98768834 -0.15643447 0.00000000,0.95105652 0.00000000 -0.30901699,1.00000000 0.00000000 0.00000000
0.95105652 0.00000000 -0.30901699,0.98768834 -0.15643447 0.00000000,0.93934743 -0.15643447 -0.30521248
0.93934743 -0.15643447 -0.30521248,0.80901699 0.00000000 -0.58778525,0.95105652 0.00000000 -0.30901699
0.80901699 0.00000000 -0.58778525,0.93934743 -0.15643447 -0.30521248,0.79905665 -0.15643447 -0.58054864
0.79905665 -0.15643447 -0.58054864,0.58778525 0.00000000 -0.80901699,0.80901699 0.00000000 -0.58778525
0.58778525 0.00000000 -0.80901699,0.79905665 -0.15643447 -0.58054864,0.58054864 -0.15643447 -0.79905665
0.58054864 -0.15643447 -0.79905665,0.30901699 0.00000000 -0.95105652,0.58778525 0.00000000 -0.80901699
0.30901699 0.00000000 -0.95105652,0.58054864 -0.15643447 -0.79905665,0.30521248 -0.15643447 -0.93934743
0.30521248 -0.15643447 -0.93934743,0.00000000 0.00000000 -1.00000000,0.30901699 0.00000000 -0.95105652
0.00000000 0.00000000 -1.00000000,0.30521248 -0.15643447 -0.93934743,0.00000000 -0.15643447 -0.98768834
0.00000000 -0.15643447 -0.98768834,-0.30901699 0.00000000 -0.95105652,0.00000000 0.00000000 -1.00000000
-0.30901699 0.00000000 -0.95105652,0.00000000 -0.15643447 -0.98768834,-0.30521248 -0.15643447 -0.93934743
-0.30521248 -0.15643447 -0.93934743,-0.58778525 0.00000000 -0.80901699,-0.30901699 0.00000000 -0.95105652
-0.58778525 0.00000000 -0.80901699,-0.30521248 -0.15643447 -0.93934743,-0.58054864 -0.15643447 -0.79905665
-0.58054864 -0.15643447 -0.79905665,-0.80901699 0.00000000 -0.58778525,-0.58778525 0.00000000 -0.80901699
-0.80901699 0.00000000 -0.58778525,-0.58054864 -0.15643447 -0.79905665,-0.79905665 -0.15643447 -0.58054864
-0.79905665 -0.15643447 -0.58054864,-0.95105652 0.00000000 -0.30901699,-0.80901699 0.00000000 -0.58778525
-0.95105652 0.00000000 -0.30901699,-0.79905665 -0.15643447 -0.58054864,-0.93934743 -0.15643447 -0.30521248
-0.93934743 -0.15643447 -0.30521248,-1.00000000 0.00000000 -0.00000000,-0.95105652 0.00000000 -0.30901699
-1.00000000 0.00000000 -0.00000000,-0.93934743 -0.15643447 -0.30521248,-0.98768834 -0.15643447 -0.00000000
-0.98768834 -0.15643447 -0.00000000,-0.95105652 0.00000000 0.30901699,-1.00000000 0.00000000 -0.00000000
-0.95105652 0.00000000 0.30901699,-0.98768834 -0.15643447 -0.00000000,-0.93934743 -0.15643447 0.30521248
-0.93934743 -0.15643447 0.30521248,-0.80901699 0.00000000 0.58778525,-0.95105652 0.00000000 0.30901699
-0.80901699 0.00000000 0.58778525,-0.93934743 -0.15643447 0.30521248,-0.79905665 -0.15643447 0.58054864
-0.79905665 -0.15643447 0.58054864,-0.58778525 0.00000000 0.80901699,-0.80901699 0.00000000 0.58778525
-0.58778525 0.00000000 0.80901699,-0.79905665 -0.15643447 0.58054864,-0.58054864 -0.15643447 0.79905665
-0.58054864 -0.15643447 0.79905665,-0.30901699 0.00000000 0.95105652,-0.58778525 0.00000000 0.80901699
-0.30901699 0.00000000 0.95105652,-0.58054864 -0.15643447 0.79905665,-0.30521248 -0.15643447 0.93934743
-0.30521248 -0.15643447 0.93934743,-0.00000000 0.00000000 1.00000000,-0.30901699 0.00000000 0.95105652
-0.00000000 0.00000000 1.00000000,-0.30521248 -0.15643447 0.93934743,-0.00000000 -0.15643447 0.98768834
-0.00000000 -0.15643447 0.98768834,0.30901699 0.00000000 0.95105652,-0.00000000 0.00000000 1.00000000
0.30901699 0.00000000 0.95105652,-0.00000000 -0.15643447 0.98768834,0.30521248 -0.15643447 0.93934743
0.30521248 -0.15643447 0.93934743,0.58778525 0.00000000 0.80901699,0.30901699 0.00000000 0.95105652
0.58054864 -0.15643447 0.79905665,0.29389263 -0.30901699 0.90450850,0.55901699 -0.30901699 0.76942088
0.55901699 -0.30901699 0.76942088,0.79905665 -0.15643447 0.58054864,0.58054864 -0.15643447 0.79905665
0.79905665 -0.15643447 0.58054864,0.55901699 -0.30901699 0.76942088,0.76942088 -0.30901699 0.55901699
0.76942088 -0.30901699 0.55901699,0.93934743 -0.15643447 0.30521248,0.79905665 -0.15643447 0.58054864
0.93934743 -0.15643447 0.30521248,0.76942088 -0.30901699 0.55901699,0.90450850 -0.30901699 0.29389263
0.90450850 -0.30901699 0.29389263,0.98768834 -0.15643447 0.00000000,0.93934743 -0.15643447 0.30521248
0.98768834 -0.15643447 0.00000000,0.90450850 -0.30901699 0.29389263,0.95105652 -0.30901699 0.00000000
0.95105652 -0.30901699 0.00000000,0.93934743 -0.15643447 -0.30521248,0.98768834 -0.15643447 0.00000000
0.93934743 -0.15643447 -0.30521248,0.95105652 -0.30901699 0.00000000,0.90450850 -0.30901699 -0.29389263
0.90450850 -0.30901699 -0.29389263,0.79905665 -0.15643447 -0.58054864,0.93934743 -0.15643447 -0.30521248
0.79905665 -0.15643447 -0.58054864,0.90450850 -0.30901699 -0.29389263,0.76942088 -0.30901699 -0.55901699
0.76942088 -0.30901699 -0.55901699,0.58054864 -0.15643447 -0.79905665,0.79905665 -0.15643447 -0.58054864
0.58054864 -0.15643447 -0.79905665,0.76942088 -0.30901699 -0.55901699,0.55901699 -0.30901699 -0.76942088
0.55901699 -0.30901699 -0.76942088,0.30521248 -0.15643447 -0.93934743,0.58054864 -0.15643447 -0.79905665
0.30521248 -0.15643447 -0.93934743,0.55901699 -0.30901699 -0.76942088,0.29389263 -0.30901699 -0.90450850
0.29389263 -0.30901699 -0.90450850,0.00000000 -0.15643447 -0.98768834,0.30521248 -0.15643447 -0.93934743
0.00000000 -0.15643447 -0.98768834,0.29389263 -0.30901699 -0.90450850,0.00000000 -0.30901699 -0.95105652
0.00000000 -0.30901699 -0.95105652,-0.30521248 -0.15643447 -0.93934743,0.00000000 -0.15643447 -0.98768834
-0.30521248 -0.15643447 -0.93934743,0.00000000 -0.30901699 -0.95105652,-0.29389263 -0.30901699 -0.90450850
-0.29389263 -0.30901699 -0.90450850,-0.58054864 -0.15643447 -0.79905665,-0.30521248 -0.15643447 -0.93934743
-0.58054864 -0.15643447 -0.79905665,-0.29389263 -0.30901699 -0.90450850,-0.55901699 -0.30901699 -0.76942088
-0.55901699 -0.30901699 -0.76942088,-0.79905665 -0.15643447 -0.58054864,-0.58054864 -0.15643447 -0.79905665
-0.79905665 -0.15643447 -0.58054864,-0.55901699 -0.30901699 -0.76942088,-0.76942088 -0.30901699 -0.55901699
-0.76942088 -0.30901699 -0.55901699,-0.93934743 -0.15643447 -0.30521248,-0.79905665 -0.15643447 -0.58054864
-0.93934743 -0.15643447 -0.30521248,-0.76942088 -0.30901699 -0.55901699,-0.90450850 -0.30901699 -0.29389263
-0.90450850 -0.30901699 -0.29389263,-0.98768834 -0.15643447 -0.00000000,-0.93934743 -0.15643447 -0.30521248
-0.98768834 -0.15643447 -0.00000000,-0.90450850 -0.30901699 -0.29389263,-0.95105652 -0.30901699 -0.00000000
-0.95105652 -0.30901699 -0.00000000,-0.93934743 -0.15643447 0.30521248,-0.98768834 -0.15643447 -0.00000000
-0.93934743 -0.15643447 0.30521248,-0.95105652 -0.30901699 -0.00000000,-0.90450850 -0.30901699 0.29389263
-0.90450850 -0.30901699 0.29389263,-0.79905665 -0.15643447 0.58054864,-0.93934743 -0.15643447 0.30521248
-0.79905665 -0.15643447 0.58054864,-0.90450850 -0.30901699 0.29389263,-0.76942088 -0.30901699 0.55901699
-0.76942088 -0.30901699 0.55901699,-0.58054864 -0.15643447 0.79905665,-0.79905665 -0.15643447 0.58054864
-0.58054864 -0.15643447 0.79905665,-0.76942088 -0.30901699 0.55901699,-0.55901699 -0.30901699 0.76942088
-0.55901699 -0.30901699 0.76942088,-0.30521248 -0.15643447 0.93934743,-0.58054864 -0.15643447 0.79905665
-0.30521248 -0.15643447 0.93934743,-0.55901699 -0.30901699 0.76942088,-0.29389263 -0.30901699 0.90450850
-0.29389263 -0.30901699 0.90450850,-0.00000000 -0.15643447 0.98768834,-0.30521248 -0.15643447 0.93934743
-0.00000000 -0.15643447 0.98768834,-0.29389263 -0.30901699 0.90450850,-0.00000000 -0.30901699 0.95105652
-0.00000000 -0.30901699 0.95105652,0.30521248 -0.15643447 0.93934743,-0.00000000 -0.15643447 0.98768834
0.30521248 -0.15643447 0.93934743,-0.00000000 -0.30901699 0.95105652,0.29389263 -0.30901699 0.90450850
0.29389263 -0.30901699 0.90450850,0.58054864 -0.15643447 0.79905665,0.30521248 -0.15643447 0.93934743
0.55901699 -0.30901699 0.76942088,0.27533616 -0.45399050 0.84739756,0.52372049 -0.45399050 0.72083942
0.52372049 -0.45399050 0.72083942,0.76942088 -0.30901699 0.55901699,0.55901699 -0.30901699 0.76942088
0.76942088 -0.30901699 0.55901699,0.52372049 -0.45399050 0.72083942,0.72083942 -0.45399050 0.52372049
0.72083942 -0.45399050 0.52372049,0.90450850 -0.30901699 0.29389263,0.76942088 -0.30901699 0.55901699
0.90450850 -0.30901699 0.29389263,0.72083942 -0.45399050 0.52372049,0.84739756 -0.45399050 0.27533616
0.84739756 -0.45399050 0.27533616,0.95105652 -0.30901699 0.00000000,0.90450850 -0.30901699 0.29389263
0.95105652 -0.30901699 0.00000000,0.84739756 -0.45399050 0.27533616,0.89100652 -0.45399050 0.00000000
0.89100652 -0.45399050 0.00000000,0.90450850 -0.30901699 -0.29389263,0.95105652 -0.30901699 0.00000000
0.90450850 -0.30901699 -0.29389263,0.89100652 -0.45399050 0.00000000,0.84739756 -0.45399050 -0.27533616
0.84739756 -0.45399050 -0.27533616,0.76942088 -0.30901699 -0.55901699,0.90450850 -0.30901699 -0.29389263
0.76942088 -0.30901699 -0.55901699,0.84739756 -0.45399050 -0.27533616,0.72083942 -0.45399050 -0.52372049
0.72083942 -0.45399050 -0.52372049,0.55901699 -0.30901699 -0.76942088,0.76942088 -0.30901699 -0.55901699
0.55901699 -0.30901699 -0.76942088,0.72083942 -0.45399050 -0.52372049,0.52372049 -0.45399050 -0.72083942
0.52372049 -0.45399050 -0.72083942,0.29389263 -0.30901699 -0.90450850,0.55901699 -0.30901699 -0.76942088
0.29389263 -0.30901699 -0.90450850,0.52372049 -0.45399050 -0.72083942,0.27533616 -0.45399050 -0.84739756
0.27533616 -0.45399050 -0.84739756,0.00000000 -0.30901699 -0.95105652,0.29389263 -0.30901699 -0.90450850
0.00000000 -0.30901699 -0.95105652,0.27533616 -0.45399050 -0.84739756,0.00000000 -0.45399050 -0.89100652
0.00000000 -0.45399050 -0.89100652,-0.29389263 -0.30901699 -0.90450850,0.00000000 -0.30901699 -0.95105652
-0.29389263 -0.30901699 -0.90450850,0.00000000 -0.45399050 -0.89100652,-0.27533616 -0.45399050 -0.84739756
-0.27533616 -0.45399050 -0.84739756,-0.55901699 -0.30901699 -0.76942088,-0.29389263 -0.30901699 -0.90450850
-0.55901699 -0.30901699 -0.76942088,-0.27533616 -0.45399050 -0.84739756,-0.52372049 -0.45399050 -0.72083942
-0.52372049 -0.45399050 -0.72083942,-0.76942088 -0.30901699 -0.55901699,-0.55901699 -0.30901699 -0.76942088
-0.76942088 -0.30901699 -0.55901699,-0.52372049 -0.45399050 -0.72083942,-0.72083942 -0.45399050 -0.52372049
-0.72083942 -0.45399050 -0.52372049,-0.90450850 -0.30901699 -0.29389263,-0.76942088 -0.30901699 -0.55901699
-0.90450850 -0.30901699 -0.29389263,-0.72083942 -0.45399050 -0.52372049,-0.84739756 -0.45399050 -0.27533616
-0.84739756 -0.45399050 -0.27533616,-0.95105652 -0.30901699 -0.00000000,-0.90450850 -0.30901699 -0.29389263
-0.95105652 -0.30901699 -0.00000000,-0.84739756 -0.45399050 -0.27533616,-0.89100652 -0.45399050 -0.00000000
-0.89100652 -0.45399050 -0.00000000,-0.90450850 -0.30901699 0.29389263,-0.95105652 -0.30901699 -0.00000000
-0.90450850 -0.30901699 0.29389263,-0.89100652 -0.45399050 -0.00000000,-0.84739756 -0.45399050 0.27533616
-0.84739756 -0.45399050 0.27533616,-0.76942088 -0.30901699 0.55901699,-0.90450850 -0.30901699 0.29389263
-0.76942088 -0.30901699 0.55901699,-0.84739756 -0.45399050 0.27533616,-0.72083942 -0.45399050 0.52372049
-0.72083942 -0.45399050 0.52372049,-0.55901699 -0.30901699 0.76942088,-0.76942088 -0.30901699 0.55901699
-0.55901699 -0.30901699 0.76942088,-0.72083942 -0.45399050 0.52372049,-0.52372049 -0.45399050 0.72083942
-0.52372049 -0.45399050 0.72083942,-0.29389263 -0.30901699 0.90450850,-0.55901699 -0.30901699 0.76942088
-0.29389263 -0.30901699 0.90450850,-0.52372049 -0.45399050 0.72083942,-0.27533616 -0.45399050 0.84739756
-0.27533616 -0.45399050 0.84739756,-0.00000000 -0.30901699 0.95105652,-0.29389263 -0.30901699 0.90450850
-0.00000000 -0.30901699 0.95105652,-0.27533616 -0.45399050 0.84739756,-0.00000000 -0.45399050 0.89100652
-0.00000000 -0.45399050 0.89100652,0.29389263 -0.30901699 0.90450850,-0.00000000 -0.30901699 0.95105652
0.29389263 -0.30901699 0.90450850,-0.00000000 -0.45399050 0.89100652,0.27533616 -0.45399050 0.84739756
0.27533616 -0.45399050 0.84739756,0.55901699 -0.30901699 0.76942088,0.29389263 -0.30901699 0.90450850
0.52372049 -0.45399050 0.72083942,0.25000000 -0.58778525 0.76942088,0.47552826 -0.58778525 0.65450850
0.47552826 -0.58778525 0.65450850,0.72083942 -0.45399050 0.52372049,0.52372049 -0.45399050 0.72083942
0.72083942 -0.45399050 0.52372049,0.47552826 -0.58778525 0.65450850,0.65450850 -0.58778525 0.47552826
0.65450850 -0.58778525 0.47552826,0.84739756 -0.45399050 0.27533616,0.72083942 -0.45399050 0.52372049
0.84739756 -0.45399050 0.27533616,0.65450850 -0.58778525 0.47552826,0.76942088 -0.58778525 0.25000000
0.76942088 -0.58778525 0.25000000,0.89100652 -0.45399050 0.00000000,0.84739756 -0.45399050 0.27533616
0.89100652 -0.45399050 0.00000000,0.76942088 -0.58778525 0.25000000,0.80901699 -0.58778525 0.00000000
0.80901699 -0.58778525 0.00000000,0.84739756 -0.45399050 -0.27533616,0.89100652 -0.45399050 0.00000000
0.84739756 -0.45399050 -0.27533616,0.80901699 -0.58778525 0.00000000,0.76942088 -0.58778525 -0.25000000
0.76942088 -0.58778525 -0.25000000,0.72083942 -0.45399050 -0.52372049,0.84739756 -0.45399050 -0.27533616
0.72083942 -0.45399050 -0.52372049,0.76942088 -0.58778525 -0.25000000,0.65450850 -0.58778525 -0.47552826
0.65450850 -0.58778525 -0.47552826,0.52372049 -0.45399050 -0.72083942,0.72083942 -0.45399050 -0.52372049
0.52372049 -0.45399050 -0.72083942,0.65450850 -0.58778525 -0.47552826,0.47552826 -0.58778525 -0.65450850
0.47552826 -0.58778525 -0.65450850,0.27533616 -0.45399050 -0.84739756,0.52372049 -0.45399050 -0.72083942
0.27533616 -0.45399050 -0.84739756,0.47552826 -0.58778525 -0.65450850,0.25000000 -0.58778525 -0.76942088
0.25000000 -0.58778525 -0.76942088,0.00000000 -0.45399050 -0.89100652,0.27533616 -0.45399050 -0.84739756
0.00000000 -0.45399050 -0.89100652,0.25000000 -0.58778525 -0.76942088,0.00000000 -0.58778525 -0.80901699
0.00000000 -0.58778525 -0.80901699,-0.27533616 -0.45399050 -0.84739756,0.00000000 -0.45399050 -0.89100652
-0.27533616 -0.45399050 -0.84739756,0.00000000 -0.58778525 -0.80901699,-0.25000000 -0.58778525 -0.76942088
-0.25000000 -0.58778525 -0.76942088,-0.52372049 -0.45399050 -0.72083942,-0.27533616 -0.45399050 -0.84739756
-0.52372049 -0.45399050 -0.72083942,-0.25000000 -0.58778525 -0.76942088,-0.47552826 -0.58778525 -0.65450850
-0.47552826 -0.58778525 -0.65450850,-0.72083942 -0.45399050 -0.52372049,-0.52372049 -0.45399050 -0.72083942
-0.72083942 -0.45399050 -0.52372049,-0.47552826 -0.58778525 -0.65450850,-0.65450850 -0.58778525 -0.47552826
-0.65450850 -0.58778525 -0.47552826,-0.84739756 -0.45399050 -0.27533616,-0.72083942 -0.45399050 -0.52372049
-0.84739756 -0.45399050 -0.27533616,-0.65450850 -0.58778525 -0.47552826,-0.76942088 -0.58778525 -0.25000000
-0.76942088 -0.58778525 -0.25000000,-0.89100652 -0.45399050 -0.00000000,-0.84739756 -0.45399050 -0.27533616
-0.89100652 -0.45399050 -0.00000000,-0.76942088 -0.58778525 -0.25000000,-0.80901699 -0.58778525 -0.00000000
-0.80901699 -0.58778525 -0.00000000,-0.84739756 -0.45399050 0.27533616,-0.89100652 -0.45399050 -0.00000000
-0.84739756 -0.45399050 0.27533616,-0.80901699 -0.58778525 -0.00000000,-0.76942088 -0.58778525 0.25000000
-0.76942088 -0.58778525 0.25000000,-0.72083942 -0.45399050 0.52372049,-0.84739756 -0.45399050 0.27533616
-0.72083942 -0.45399050 0.52372049,-0.76942088 -0.58778525 0.25000000,-0.65450850 -0.58778525 0.47552826
-0.65450850 -0.58778525 0.47552826,-0.52372049 -0.45399050 0.72083942,-0.72083942 -0.45399050 0.52372049
-0.52372049 -0.45399050 0.72083942,-0.65450850 -0.58778525 0.47552826,-0.47552826 -0.58778525 0.65450850
-0.47552826 -0.58778525 0.65450850,-0.27533616 -0.45399050 0.84739756,-0.52372049 -0.45399050 0.72083942
-0.27533616 -0.45399050 0.84739756,-0.47552826 -0.58778525 0.65450850,-0.25000000 -0.58778525 0.76942088
-0.25000000 -0.58778525 0.76942088,-0.00000000 -0.45399050 0.89100652,-0.27533616 -0.45399050 0.84739756
-0.00000000 -0.45399050 0.89100652,-0.25000000 -0.58778525 0.76942088,-0.00000000 -0.58778525 0.80901699
-0.00000000 -0.58778525 0.80901699,0.27533616 -0.45399050 0.84739756,-0.00000000 -0.45399050 0.89100652
0.27533616 -0.45399050 0.84739756,-0.00000000 -0.58778525 0.80901699,0.25000000 -0.58778525 0.76942088
0.25000000 -0.58778525 0.76942088,0.52372049 -0.45399050 0.72083942,0.27533616 -0.45399050 0.84739756
0.47552826 -0.58778525 0.65450850,0.21850801 -0.70710678 0.67249851,0.41562694 -0.70710678 0.57206140
0.41562694 -0.70710678 0.57206140,0.65450850 -0.58778525 0.47552826,0.47552826 -0.58778525 0.65450850
0.65450850 -0.58778525 0.47552826,0.41562694 -0.70710678 0.57206140,0.57206140 -0.70710678 0.41562694
0.57206140 -0.70710678 0.41562694,0.76942088 -0.58778525 0.25000000,0.65450850 -0.58778525 0.47552826
0.76942088 -0.58778525 0.25000000,0.57206140 -0.70710678 0.41562694,0.67249851 -0.70710678 0.21850801
0.67249851 -0.70710678 0.21850801,0.80901699 -0.58778525 0.00000000,0.76942088 -0.58778525 0.25000000
0.80901699 -0.58778525 0.00000000,0.67249851 -0.70710678 0.21850801,0.70710678 -0.70710678 0.00000000
0.70710678 -0.70710678 0.00000000,0.76942088 -0.58778525 -0.25000000,0.80901699 -0.58778525 0.00000000
0.76942088 -0.58778525 -0.25000000,0.70710678 -0.70710678 0.00000000,0.67249851 -0.70710678 -0.21850801
0.67249851 -0.70710678 -0.21850801,0.65450850 -0.58778525 -0.47552826,0.76942088 -0.58778525 -0.25000000
0.65450850 -0.58778525 -0.47552826,0.67249851 -0.70710678 -0.21850801,0.57206140 -0.70710678 -0.41562694
0.57206140 -0.70710678 -0.41562694,0.47552826 -0.58778525 -0.65450850,0.65450850 -0.58778525 -0.47552826
0.47552826 -0.58778525 -0.65450850,0.57206140 -0.70710678 -0.41562694,0.41562694 -0.70710678 -0.57206140
0.41562694 -0.70710678 -0.57206140,0.25000000 -0.58778525 -0.76942088,0.47552826 -0.58778525 -0.65450850
0.25000000 -0.58778525 -0.76942088,0.41562694 -0.70710678 -0.57206140,0.21850801 -0.70710678 -0.67249851
0.21850801 -0.70710678 -0.67249851,0.00000000 -0.58778525 -0.80901699,0.25000000 -0.58778525 -0.76942088
0.00000000 -0.58778525 -0.80901699,0.21850801 -0.70710678 -0.67249851,0.00000000 -0.70710678 -0.70710678
0.00000000 -0.70710678 -0.70710678,-0.25000000 -0.58778525 -0.76942088,0.00000000 -0.58778525 -0.80901699
-0.25000000 -0.58778525 -0.76942088,0.00000000 -0.70710678 -0.70710678,-0.21850801 -0.70710678 -0.67249851
-0.21850801 -0.70710678 -0.67249851,-0.47552826 -0.58778525 -0.65450850,-0.25000000 -0.58778525 -0.76942088
-0.47552826 -0.58778525 -0.65450850,-0.21850801 -0.70710678 -0.67249851,-0.41562694 -0.70710678 -0.57206140
-0.41562694 -0.70710678 -0.57206140,-0.65450850 -0.58778525 -0.47552826,-0.47552826 -0.58778525 -0.65450850
-0.65450850 -0.58778525 -0.47552826,-0.41562694 -0.70710678 -0.57206140,-0.57206140 -0.70710678 -0.41562694
-0.57206140 -0.70710678 -0.41562694,-0.76942088 -0.58778525 -0.25000000,-0.65450850 -0.58778525 -0.47552826
-0.76942088 -0.58778525 -0.25000000,-0.57206140 -0.70710678 -0.41562694,-0.67249851 -0.70710678 -0.21850801
-0.67249851 -0.70710678 -0.21850801,-0.80901699 -0.58778525 -0.00000000,-0.76942088 -0.58778525 -0.25000000
-0.80901699 -0.58778525 -0.00000000,-0.67249851 -0.70710678 -0.21850801,-0.70710678 -0.70710678 -0.00000000
-0.70710678 -0.70710678 -0.00000000,-0.76942088 -0.58778525 0.25000000,-0.80901699 -0.58778525 -0.00000000
-0.76942088 -0.58778525 0.25000000,-0.70710678 -0.70710678 -0.00000000,-0.67249851 -0.70710678 0.21850801
-0.67249851 -0.70710678 0.21850801,-0.65450850 -0.58778525 0.47552826,-0.76942088 -0.58778525 0.25000000
-0.65450850 -0.58778525 0.47552826,-0.67249851 -0.70710678 0.21850801,-0.57206140 -0.70710678 0.41562694
-0.57206140 -0.70710678 0.41562694,-0.47552826 -0.58778525 0.65450850,-0.65450850 -0.58778525 0.47552826
-0.47552826 -0.58778525 0.65450850,-0.57206140 -0.70710678 0.41562694,-0.41562694 -0.70710678 0.57206140
-0.41562694 -0.70710678 0.57206140,-0.25000000 -0.58778525 0.76942088,-0.47552826 -0.58778525 0.65450850
-0.25000000 -0.58778525 0.76942088,-0.41562694 -0.70710678 0.57206140,-0.21850801 -0.70710678 0.67249851
-0.21850801 -0.70710678 0.67249851,-0.00000000 -0.58778525 0.80901699,-0.25000000 -0.58778525 0.76942088
-0.00000000 -0.58778525 0.80901699,-0.21850801 -0.70710678 0.67249851,-0.00000000 -0.70710678 0.70710678
-0.00000000 -0.70710678 0.70710678,0.25000000 -0.58778525 0.76942088,-0.00000000 -0.58778525 0.80901699
0.25000000 -0.58778525 0.76942088,-0.00000000 -0.70710678 0.70710678,0.21850801 -0.70710678 0.67249851
0.21850801 -0.70710678 0.67249851,0.47552826 -0.58778525 0.65450850,0.25000000 -0.58778525 0.76942088
0.41562694 -0.70710678 0.57206140,0.18163563 -0.80901699 0.55901699,0.34549150 -0.80901699 0.47552826
0.34549150 -0.80901699 0.47552826,0.57206140 -0.70710678 0.41562694,0.41562694 -0.70710678 0.57206140
0.57206140 -0.70710678 0.41562694,0.34549150 -0.80901699 0.47552826,0.47552826 -0.80901699 0.34549150
0.47552826 -0.80901699 0.34549150,0.67249851 -0.70710678 0.21850801,0.57206140 -0.70710678 0.41562694
0.67249851 -0.70710678 0.21850801,0.47552826 -0.80901699 0.34549150,0.55901699 -0.80901699 0.18163563
0.55901699 -0.80901699 0.18163563,0.70710678 -0.70710678 0.00000000,0.67249851 -0.70710678 0.21850801
0.70710678 -0.70710678 0.00000000,0.55901699 -0.80901699 0.18163563,0.58778525 -0.80901699 0.00000000
0.58778525 -0.80901699 0.00000000,0.67249851 -0.70710678 -0.21850801,0.70710678 -0.70710678 0.00000000
0.67249851 -0.70710678 -0.21850801,0.58778525 -0.80901699 0.00000000,0.55901699 -0.80901699 -0.18163563
0.55901699 -0.80901699 -0.18163563,0.57206140 -0.70710678 -0.41562694,0.67249851 -0.70710678 -0.21850801
0.57206140 -0.70710678 -0.41562694,0.55901699 -0.80901699 -0.18163563,0.47552826 -0.80901699 -0.34549150
0.47552826 -0.80901699 -0.34549150,0.41562694 -0.70710678 -0.57206140,0.57206140 -0.70710678 -0.41562694
0.41562694 -0.70710678 -0.57206140,0.47552826 -0.80901699 -0.34549150,0.34549150 -0.80901699 -0.47552826
0.34549150 -0.80901699 -0.47552826,0.21850801 -0.70710678 -0.67249851,0.41562694 -0.70710678 -0.57206140
0.21850801 -0.70710678 -0.67249851,0.34549150 -0.80901699 -0.47552826,0.18163563 -0.80901699 -0.55901699
0.18163563 -0.80901699 -0.55901699,0.00000000 -0.70710678 -0.70710678,0.21850801 -0.70710678 -0.67249851
0.00000000 -0.70710678 -0.70710678,0.18163563 -0.80901699 -0.55901699,0.00000000 -0.80901699 -0.58778525
0.00000000 -0.80901699 -0.58778525,-0.21850801 -0.70710678 -0.67249851,0.00000000 -0.70710678 -0.70710678
-0.21850801 -0.70710678 -0.67249851,0.00000000 -0.80901699 -0.58778525,-0.18163563 -0.80901699 -0.55901699
-0.18163563 -0.80901699 -0.55901699,-0.41562694 -0.70710678 -0.57206140,-0.21850801 -0.70710678 -0.67249851
-0.41562694 -0.70710678 -0.57206140,-0.18163563 -0.80901699 -0.55901699,-0.34549150 -0.80901699 -0.47552826
-0.34549150 -0.80901699 -0.47552826,-0.57206140 -0.70710678 -0.41562694,-0.41562694 -0.70710678 -0.57206140
-0.57206140 -0.70710678 -0.41562694,-0.34549150 -0.80901699 -0.47552826,-0.47552826 -0.80901699 -0.34549150
-0.47552826 -0.80901699 -0.34549150,-0.67249851 -0.70710678 -0.21850801,-0.57206140 -0.70710678 -0.41562694
-0.67249851 -0.70710678 -0.21850801,-0.47552826 -0.80901699 -0.34549150,-0.55901699 -0.80901699 -0.18163563
-0.55901699 -0.80901699 -0.18163563,-0.70710678 -0.70710678 -0.00000000,-0.67249851 -0.70710678 -0.21850801
-0.70710678 -0.70710678 -0.00000000,-0.55901699 -0.80901699 -0.18163563,-0.58778525 -0.80901699 -0.00000000
-0.58778525 -0.80901699 -0.00000000,-0.67249851 -0.70710678 0.21850801,-0.70710678 -0.70710678 -0.00000000
-0.67249851 -0.70710678 0.21850801,-0.58778525 -0.80901699 -0.00000000,-0.55901699 -0.80901699 0.18163563
-0.55901699 -0.80901699 0.18163563,-0.57206140 -0.70710678 0.41562694,-0.67249851 -0.70710678 0.21850801
-0.57206140 -0.70710678 0.41562694,-0.55901699 -0.80901699 0.18163563,-0.47552826 -0.80901699 0.34549150
-0.47552826 -0.80901699 0.34549150,-0.41562694 -0.70710678 0.57206140,-0.57206140 -0.70710678 0.41562694
-0.41562694 -0.70710678 0.57206140,-0.47552826 -0.80901699 0.34549150,-0.34549150 -0.80901699 0.47552826
-0.34549150 -0.80901699 0.47552826,-0.21850801 -0.70710678 0.67249851,-0.41562694 -0.70710678 0.57206140
-0.21850801 -0.70710678 0.67249851,-0.34549150 -0.80901699 0.47552826,-0.18163563 -0.80901699 0.55901699
-0.18163563 -0.80901699 0.55901699,-0.00000000 -0.70710678 0.70710678,-0.21850801 -0.70710678 0.67249851
-0.00000000 -0.70710678 0.70710678,-0.18163563 -0.80901699 0.55901699,-0.00000000 -0.80901699 0.58778525
-0.00000000 -0.80901699 0.58778525,0.21850801 -0.70710678 0.67249851,-0.00000000 -0.70710678 0.70710678
0.21850801 -0.70710678 0.67249851,-0.00000000 -0.80901699 0.58778525,0.18163563 -0.80901699 0.55901699
0.18163563 -0.80901699 0.55901699,0.41562694 -0.70710678 0.57206140,0.21850801 -0.70710678 0.67249851
0.34549150 -0.80901699 0.47552826,0.14029078 -0.89100652 0.43177062,0.26684892 -0.89100652 0.36728603
0.26684892 -0.89100652 0.36728603,0.47552826 -0.80901699 0.34549150,0.34549150 -0.80901699 0.47552826
0.47552826 -0.80901699 0.34549150,0.26684892 -0.89100652 0.36728603,0.36728603 -0.89100652 0.26684892
0.36728603 -0.89100652 0.26684892,0.55901699 -0.80901699 0.18163563,0.47552826 -0.80901699 0.34549150
0.55901699 -0.80901699 0.18163563,0.36728603 -0.89100652 0.26684892,0.43177062 -0.89100652 0.14029078
0.43177062 -0.89100652 0.14029078,0.58778525 -0.80901699 0.00000000,0.55901699 -0.80901699 0.18163563
0.58778525 -0.80901699 0.00000000,0.43177062 -0.89100652 0.14029078,0.45399050 -0.89100652 0.00000000
0.45399050 -0.89100652 0.00000000,0.55901699 -0.80901699 -0.18163563,0.58778525 -0.80901699 0.00000000
0.55901699 -0.80901699 -0.18163563,0.45399050 -0.89100652 0.00000000,0.43177062 -0.89100652 -0.14029078
0.43177062 -0.89100652 -0.14029078,0.47552826 -0.80901699 -0.34549150,0.55901699 -0.80901699 -0.18163563
0.47552826 -0.80901699 -0.34549150,0.43177062 -0.89100652 -0.14029078,0.36728603 -0.89100652 -0.26684892
0.36728603 -0.89100652 -0.26684892,0.34549150 -0.80901699 -0.47552826,0.47552826 -0.80901699 -0.34549150
0.34549150 -0.80901699 -0.47552826,0.36728603 -0.89100652 -0.26684892,0.26684892 -0.89100652 -0.36728603
0.26684892 -0.89100652 -0.36728603,0.18163563 -0.80901699 -0.55901699,0.34549150 -0.80901699 -0.47552826
0.18163563 -0.80901699 -0.55901699,0.26684892 -0.89100652 -0.36728603,0.14029078 -0.89100652 -0.43177062
0.14029078 -0.89100652 -0.43177062,0.00000000 -0.80901699 -0.58778525,0.18163563 -0.80901699 -0.55901699
0.00000000 -0.80901699 -0.58778525,0.14029078 -0.89100652 -0.43177062,0.00000000 -0.89100652 -0.45399050
0.00000000 -0.89100652 -0.45399050,-0.18163563 -0.80901699 -0.55901699,0.00000000 -0.80901699 -0.58778525
-0.18163563 -0.80901699 -0.55901699,0.00000000 -0.89100652 -0.45399050,-0.14029078 -0.89100652 -0.43177062
-0.14029078 -0.89100652 -0.43177062,-0.34549150 -0.80901699 -0.47552826,-0.18163563 -0.80901699 -0.55901699
-0.34549150 -0.80901699 -0.47552826,-0.14029078 -0.89100652 -0.43177062,-0.26684892 -0.89100652 -0.36728603
-0.26684892 -0.89100652 -0.36728603,-0.47552826 -0.80901699 -0.34549150,-0.34549150 -0.80901699 -0.47552826
-0.47552826 -0.80901699 -0.34549150,-0.26684892 -0.89100652 -0.36728603,-0.36728603 -0.89100652 -0.26684892
-0.36728603 -0.89100652 -0.26684892,-0.55901699 -0.80901699 -0.18163563,-0.47552826 -0.80901699 -0.34549150
-0.55901699 -0.80901699 -0.18163563,-0.36728603 -0.89100652 -0.26684892,-0.43177062 -0.89100652 -0.14029078
-0.43177062 -0.89100652 -0.14029078,-0.58778525 -0.80901699 -0.00000000,-0.55901699 -0.80901699 -0.18163563
-0.58778525 -0.80901699 -0.00000000,-0.43177062 -0.89100652 -0.14029078,-0.45399050 -0.89100652 -0.00000000
-0.45399050 -0.89100652 -0.00000000,-0.55901699 -0.80901699 0.18163563,-0.58778525 -0.80901699 -0.00000000
-0.55901699 -0.80901699 0.18163563,-0.45399050 -0.89100652 -0.00000000,-0.43177062 -0.89100652 0.14029078
-0.43177062 -0.89100652 0.14029078,-0.47552826 -0.80901699 0.34549150,-0.55901699 -0.80901699 0.18163563
-0.47552826 -0.80901699 0.34549150,-0.43177062 -0.89100652 0.14029078,-0.36728603 -0.89100652 0.26684892
-0.36728603 -0.89100652 0.26684892,-0.34549150 -0.80901699 0.47552826,-0.47552826 -0.80901699 0.34549150
-0.34549150 -0.80901699 0.47552826,-0.36728603 -0.89100652 0.26684892,-0.26684892 -0.89100652 0.36728603
-0.26684892 -0.89100652 0.36728603,-0.18163563 -0.80901699 0.55901699,-0.34549150 -0.80901699 0.47552826
-0.18163563 -0.80901699 0.55901699,-0.26684892 -0.89100652 0.36728603,-0.14029078 -0.89100652 0.43177062
-0.14029078 -0.89100652 0.43177062,-0.00000000 -0.80901699 0.58778525,-0.18163563 -0.80901699 0.55901699
-0.00000000 -0.80901699 0.58778525,-0.14029078 -0.89100652 0.43177062,-0.00000000 -0.89100652 0.45399050
-0.00000000 -0.89100652 0.45399050,0.18163563 -0.80901699 0.55901699,-0.00000000 -0.80901699 0.58778525
0.18163563 -0.80901699 0.55901699,-0.00000000 -0.89100652 0.45399050,0.14029078 -0.89100652 0.43177062
0.14029078 -0.89100652 0.43177062,0.34549150 -0.80901699 0.47552826,0.18163563 -0.80901699 0.55901699
0.26684892 -0.89100652 0.36728603,0.09549150 -0.95105652 0.29389263,0.18163563 -0.95105652 0.25000000
0.18163563 -0.95105652 0.25000000,0.36728603 -0.89100652 0.26684892,0.26684892 -0.89100652 0.36728603
0.36728603 -0.89100652 0.26684892,0.18163563 -0.95105652 0.25000000,0.25000000 -0.95105652 0.18163563
0.25000000 -0.95105652 0.18163563,0.43177062 -0.89100652 0.14029078,0.36728603 -0.89100652 0.26684892
0.43177062 -0.89100652 0.14029078,0.25000000 -0.95105652 0.18163563,0.29389263 -0.95105652 0.09549150
0.29389263 -0.95105652 0.09549150,0.45399050 -0.89100652 0.00000000,0.43177062 -0.89100652 0.14029078
0.45399050 -0.89100652 0.00000000,0.29389263 -0.95105652 0.09549150,0.30901699 -0.95105652 0.00000000
0.30901699 -0.95105652 0.00000000,0.43177062 -0.89100652 -0.14029078,0.45399050 -0.89100652 0.00000000
0.43177062 -0.89100652 -0.14029078,0.30901699 -0.95105652 0.00000000,0.29389263 -0.95105652 -0.09549150
0.29389263 -0.95105652 -0.09549150,0.36728603 -0.89100652 -0.26684892,0.43177062 -0.89100652 -0.14029078
0.36728603 -0.89100652 -0.26684892,0.29389263 -0.95105652 -0.09549150,0.25000000 -0.95105652 -0.18163563
0.25000000 -0.95105652 -0.18163563,0.26684892 -0.89100652 -0.36728603,0.36728603 -0.89100652 -0.26684892
0.26684892 -0.89100652 -0.36728603,0.25000000 -0.95105652 -0.18163563,0.18163563 -0.95105652 -0.25000000
0.18163563 -0.95105652 -0.25000000,0.14029078 -0.89100652 -0.43177062,0.26684892 -0.89100652 -0.36728603
0.14029078 -0.89100652 -0.43177062,0.18163563 -0.95105652 -0.25000000,0.09549150 -0.95105652 -0.29389263
0.09549150 -0.95105652 -0.29389263,0.00000000 -0.89100652 -0.45399050,0.14029078 -0.89100652 -0.43177062
0.00000000 -0.89100652 -0.45399050,0.09549150 -0.95105652 -0.29389263,0.00000000 -0.95105652 -0.30901699
0.00000000 -0.95105652 -0.30901699,-0.14029078 -0.89100652 -0.43177062,0.00000000 -0.89100652 -0.45399050
-0.14029078 -0.89100652 -0.43177062,0.00000000 -0.95105652 -0.30901699,-0.09549150 -0.95105652 -0.29389263
-0.09549150 -0.95105652 -0.29389263,-0.26684892 -0.89100652 -0.36728603,-0.14029078 -0.89100652 -0.43177062
-0.26684892 -0.89100652 -0.36728603,-0.09549150 -0.95105652 -0.29389263,-0.18163563 -0.95105652 -0.25000000
-0.18163563 -0.95105652 -0.25000000,-0.36728603 -0.89100652 -0.26684892,-0.26684892 -0.89100652 -0.36728603
-0.36728603 -0.89100652 -0.26684892,-0.18163563 -0.95105652 -0.25000000,-0.25000000 -0.95105652 -0.18163563
-0.25000000 -0.95105652 -0.18163563,-0.43177062 -0.89100652 -0.14029078,-0.36728603 -0.89100652 -0.26684892
-0.43177062 -0.89100652 -0.14029078,-0.25000000 -0.95105652 -0.18163563,-0.29389263 -0.95105652 -0.09549150
-0.29389263 -0.95105652 -0.09549150,-0.45399050 -0.89100652 -0.00000000,-0.43177062 -0.89100652 -0.14029078
-0.45399050 -0.89100652 -0.00000000,-0.29389263 -0.95105652 -0.09549150,-0.30901699 -0.95105652 -0.00000000
-0.30901699 -0.95105652 -0.00000000,-0.43177062 -0.89100652 0.14029078,-0.45399050 -0.89100652 -0.00000000
-0.43177062 -0.89100652 0.14029078,-0.30901699 -0.95105652 -0.00000000,-0.29389263 -0.95105652 0.09549150
-0.29389263 -0.95105652 0.09549150,-0.36728603 -0.89100652 0.26684892,-0.43177062 -0.89100652 0.14029078
-0.36728603 -0.89100652 0.26684892,-0.29389263 -0.95105652 0.09549150,-0.25000000 -0.95105652 0.18163563
-0.25000000 -0.95105652 0.18163563,-0.26684892 -0.89100652 0.36728603,-0.36728603 -0.89100652 0.26684892
-0.26684892 -0.89100652 0.36728603,-0.25000000 -0.95105652 0.18163563,-0.18163563 -0.95105652 0.25000000
-0.18163563 -0.95105652 0.25000000,-0.14029078 -0.89100652 0.43177062,-0.26684892 -0.89100652 0.36728603
-0.14029078 -0.89100652 0.43177062,-0.18163563 -0.95105652 0.25000000,-0.09549150 -0.95105652 0.29389263
-0.09549150 -0.95105652 0.29389263,-0.00000000 -0.89100652 0.45399050,-0.14029078 -0.89100652 0.43177062
-0.00000000 -0.89100652 0.45399050,-0.09549150 -0.95105652 0.29389263,-0.00000000 -0.95105652 0.30901699
-0.00000000 -0.95105652 0.30901699,0.14029078 -0.89100652 0.43177062,-0.00000000 -0.89100652 0.45399050
0.14029078 -0.89100652 0.43177062,-0.00000000 -0.95105652 0.30901699,0.09549150 -0.95105652 0.29389263
0.09549150 -0.95105652 0.29389263,0.26684892 -0.89100652 0.36728603,0.14029078 -0.89100652 0.43177062
0.18163563 -0.95105652 0.25000000,0.04834091 -0.98768834 0.14877802,0.09194987 -0.98768834 0.12655814
0.09194987 -0.98768834 0.12655814,0.25000000 -0.95105652 0.18163563,0.18163563 -0.95105652 0.25000000
0.25000000 -0.95105652 0.18163563,0.09194987 -0.98768834 0.12655814,0.12655814 -0.98768834 0.09194987
0.12655814 -0.98768834 0.09194987,0.29389263 -0.95105652 0.09549150,0.25000000 -0.95105652 0.18163563
0.29389263 -0.95105652 0.09549150,0.12655814 -0.98768834 0.09194987,0.14877802 -0.98768834 0.04834091
0.14877802 -0.98768834 0.04834091,0.30901699 -0.95105652 0.00000000,0.29389263 -0.95105652 0.09549150
0.30901699 -0.95105652 0.00000000,0.14877802 -0.98768834 0.04834091,0.15643447 -0.98768834 0.00000000
0.15643447 -0.98768834 0.00000000,0.29389263 -0.95105652 -0.09549150,0.30901699 -0.95105652 0.00000000
0.29389263 -0.95105652 -0.09549150,0.15643447 -0.98768834 0.00000000,0.14877802 -0.98768834 -0.04834091
0.14877802 -0.98768834 -0.04834091,0.25000000 -0.95105652 -0.18163563,0.29389263 -0.95105652 -0.09549150
0.25000000 -0.95105652 -0.18163563,0.14877802 -0.98768834 -0.04834091,0.12655814 -0.98768834 -0.09194987
0.12655814 -0.98768834 -0.09194987,0.18163563 -0.95105652 -0.25000000,0.25000000 -0.95105652 -0.18163563
0.18163563 -0.95105652 -0.25000000,0.12655814 -0.98768834 -0.09194987,0.09194987 -0.98768834 -0.12655814
0.09194987 -0.98768834 -0.12655814,0.09549150 -0.95105652 -0.29389263,0.18163563 -0.95105652 -0.25000000
0.09549150 -0.95105652 -0.29389263,0.09194987 -0.98768834 -0.12655814,0.04834091 -0.98768834 -0.14877802
0.04834091 -0.98768834 -0.14877802,0.00000000 -0.95105652 -0.30901699,0.09549150 -0.95105652 -0.29389263
0.00000000 -0.95105652 -0.30901699,0.04834091 -0.98768834 -0.14877802,0.00000000 -0.98768834 -0.15643447
0.00000000 -0.98768834 -0.15643447,-0.09549150 -0.95105652 -0.29389263,0.00000000 -0.95105652 -0.30901699
-0.09549150 -0.95105652 -0.29389263,0.00000000 -0.98768834 -0.15643447,-0.04834091 -0.98768834 -0.14877802
-0.04834091 -0.98768834 -0.14877802,-0.18163563 -0.95105652 -0.25000000,-0.09549150 -0.95105652 -0.29389263
-0.18163563 -0.95105652 -0.25000000,-0.04834091 -0.98768834 -0.14877802,-0.09194987 -0.98768834 -0.12655814
-0.09194987 -0.98768834 -0.12655814,-0.25000000 -0.95105652 -0.18163563,-0.18163563 -0.95105652 -0.25000000
-0.25000000 -0.95105652 -0.18163563,-0.09194987 -0.98768834 -0.12655814,-0.12655814 -0.98768834 -0.09194987
-0.12655814 -0.98768834 -0.09194987,-0.29389263 -0.95105652 -0.09549150,-0.25000000 -0.95105652 -0.18163563
-0.29389263 -0.95105652 -0.09549150,-0.12655814 -0.98768834 -0.09194987,-0.14877802 -0.98768834 -0.04834091
-0.14877802 -0.98768834 -0.04834091,-0.30901699 -0.95105652 -0.00000000,-0.29389263 -0.95105652 -0.09549150
-0.30901699 -0.95105652 -0.00000000,-0.14877802 -0.98768834 -0.04834091,-0.15643447 -0.98768834 -0.00000000
-0.15643447 -0.98768834 -0.00000000,-0.29389263 -0.95105652 0.09549150,-0.30901699 -0.95105652 -0.00000000
-0.29389263 -0.95105652 0.09549150,-0.15643447 -0.98768834 -0.00000000,-0.14877802 -0.98768834 0.04834091
-0.14877802 -0.98768834 0.04834091,-0.25000000 -0.95105652 0.18163563,-0.29389263 -0.95105652 0.09549150
-0.25000000 -0.95105652 0.18163563,-0.14877802 -0.98768834 0.04834091,-0.12655814 -0.98768834 0.09194987
-0.12655814 -0.98768834 0.09194987,-0.18163563 -0.95105652 0.25000000,-0.25000000 -0.95105652 0.18163563
-0.18163563 -0.95105652 0.25000000,-0.12655814 -0.98768834 0.09194987,-0.09194987 -0.98768834 0.12655814
-0.09194987 -0.98768834 0.12655814,-0.09549150 -0.95105652 0.29389263,-0.18163563 -0.95105652 0.25000000
-0.09549150 -0.95105652 0.29389263,-0.09194987 -0.98768834 0.12655814,-0.04834091 -0.98768834 0.14877802
-0.04834091 -0.98768834 0.14877802,-0.00000000 -0.95105652 0.30901699,-0.09549150 -0.95105652 0.29389263
-0.00000000 -0.95105652 0.30901699,-0.04834091 -0.98768834 0.14877802,-0.00000000 -0.98768834 0.15643447
-0.00000000 -0.98768834 0.15643447,0.09549150 -0.95105652 0.29389263,-0.00000000 -0.95105652 0.30901699
0.09549150 -0.95105652 0.29389263,-0.00000000 -0.98768834 0.15643447,0.04834091 -0.98768834 0.14877802
0.04834091 -0.98768834 0.14877802,0.18163563 -0.95105652 0.25000000,0.09549150 -0.95105652 0.29389263
0.09194987 -0.98768834 0.12655814,0.00000000 -1.00000000 0.00000000,0.00000000 -1.00000000 0.00000000
0.00000000 -1.00000000 0.00000000,0.12655814 -0.98768834 0.09194987,0.09194987 -0.98768834 0.12655814
0.12655814 -0.98768834 0.09194987,0.00000000 -1.00000000 0.00000000,0.00000000 -1.00000000 0.00000000
0.00000000 -1.00000000 0.00000000,0.14877802 -0.98768834 0.04834091,0.12655814 -0.98768834 0.09194987
0.14877802 -0.98768834 0.04834091,0.00000000 -1.00000000 0.00000000,0.00000000 -1.00000000 0.00000000
0.00000000 -1.00000000 0.00000000,0.15643447 -0.98768834 0.00000000,0.14877802 -0.98768834 0.04834091
0.15643447 -0.98768834 0.00000000,0.00000000 -1.00000000 0.00000000,0.00000000 -1.00000000 0.00000000
0.00000000 -1.00000000 0.00000000,0.14877802 -0.98768834 -0.04834091,0.15643447 -0.98768834 0.00000000
0.14877802 -0.98768834 -0.04834091,0.00000000 -1.00000000 0.00000000,0.00000000 -1.00000000 -0.00000000
0.00000000 -1.00000000 -0.00000000,0.12655814 -0.98768834 -0.09194987,0.14877802 -0.98768834 -0.04834091
0.12655814 -0.98768834 -0.09194987,0.00000000 -1.00000000 -0.00000000,0.00000000 -1.00000000 -0.00000000
0.00000000 -1.00000000 -0.00000000,0.09194987 -0.98768834 -0.12655814,0.12655814 -0.98768834 -0.09194987
0.09194987 -0.98768834 -0.12655814,0.00000000 -1.00000000 -0.00000000,0.00000000 -1.00000000 -0.00000000
0.00000000 -1.00000000 -0.00000000,0.04834091 -0.98768834 -0.14877802,0.09194987 -0.98768834 -0.12655814
0.04834091 -0.98768834 -0.14877802,0.00000000 -1.00000000 -0.00000000,0.00000000 -1.00000000 -0.00000000
0.00000000 -1.00000000 -0.00000000,0.00000000 -0.98768834 -0.15643447,0.04834091 -0.98768834 -0.14877802
0.00000000 -0.98768834 -0.15643447,0.00000000 -1.00000000 -0.00000000,0.00000000 -1.00000000 -0.00000000
0.00000000 -1.00000000 -0.00000000,-0.04834091 -0.98768834 -0.14877802,0.00000000 -0.98768834 -0.15643447
-0.04834091 -0.98768834 -0.14877802,0.00000000 -1.00000000 -0.00000000,-0.00000000 -1.00000000 -0.00000000
-0.00000000 -1.00000000 -0.00000000,-0.09194987 -0.98768834 -0.12655814,-0.04834091 -0.98768834 -0.14877802
-0.09194987 -0.98768834 -0.12655814,-0.00000000 -1.00000000 -0.00000000,-0.00000000 -1.00000000 -0.00000000
-0.00000000 -1.00000000 -0.00000000,-0.12655814 -0.98768834 -0.09194987,-0.09194987 -0.98768834 -0.12655814
-0.12655814 -0.98768834 -0.09194987,-0.00000000 -1.00000000 -0.00000000,-0.00000000 -1.00000000 -0.00000000
-0.00000000 -1.00000000 -0.00000000,-0.14877802 -0.98768834 -0.04834091,-0.12655814 -0.98768834 -0.09194987
-0.14877802 -0.98768834 -0.04834091,-0.00000000 -1.00000000 -0.00000000,-0.00000000 -1.00000000 -0.00000000
-0.00000000 -1.00000000 -0.00000000,-0.15643447 -0.98768834 -0.00000000,-0.14877802 -0.98768834 -0.04834091
-0.15643447 -0.98768834 -0.00000000,-0.00000000 -1.00000000 -0.00000000,-0.00000000 -1.00000000 -0.00000000
-0.00000000 -1.00000000 -0.00000000,-0.14877802 -0.98768834 0.04834091,-0.15643447 -0.98768834 -0.00000000
-0.14877802 -0.98768834 0.04834091,-0.00000000 -1.00000000 -0.00000000,-0.00000000 -1.00000000 0.00000000
-0.00000000 -1.00000000 0.00000000,-0.12655814 -0.98768834 0.09194987,-0.14877802 -0.98768834 0.04834091
-0.12655814 -0.98768834 0.09194987,-0.00000000 -1.00000000 0.00000000,-0.00000000 -1.00000000 0.00000000
-0.00000000 -1.00000000 0.00000000,-0.09194987 -0.98768834 0.12655814,-0.12655814 -0.98768834 0.09194987
-0.09194987 -0.98768834 0.12655814,-0.00000000 -1.00000000 0.00000000,-0.00000000 -1.00000000 0.00000000
-0.00000000 -1.00000000 0.00000000,-0.04834091 -0.98768834 0.14877802,-0.09194987 -0.98768834 0.12655814
-0.04834091 -0.98768834 0.14877802,-0.00000000 -1.00000000 0.00000000,-0.00000000 -1.00000000 0.00000000
-0.00000000 -1.00000000 0.00000000,-0.00000000 -0.98768834 0.15643447,-0.04834091 -0.98768834 0.14877802
-0.00000000 -0.98768834 0.15643447,-0.00000000 -1.00000000 0.00000000,-0.00000000 -1.00000000 0.00000000
-0.00000000 -1.00000000 0.00000000,0.04834091 -0.98768834 0.14877802,-0.00000000 -0.98768834 0.15643447
0.04834091 -0.98768834 0.14877802,-0.00000000 -1.00000000 0.00000000,0.00000000 -1.00000000 0.00000000
0.00000000 -1.00000000 0.00000000,0.09194987 -0.98768834 0.12655814,0.04834091 -0.98768834 0.14877802
